0022000214
0022000675
0022000146
0022000534
0022000508
0022000264
0022000359
0022000249
0022000462
0022001048
0022000284
0022000325
0022001014
0022000491
0022000973
0022000089
0022000125
0022001001
0022000493
0022000828
0022000472
0022000986
0022001013
0022000731
0022000044
0022000240
0022000246
0022000405
0022000100
0022000842
0022000197
0022000948
0022000446
0022000191
0022000306
0022000373
0022000822
0022000081
0022000793
0022000976
0022000302
0022000174
0022000099
0022000295
0022000919
0022000431
0022000635
0022000929
0022000921
0022000721
0022000031
0022000309
0022000127
0022000162
0022001035
0022000471
0022000533
0022000859
0022000708
0022000212
0022000964
0022000002
0022000490
0022000070
0022001032
0022000088
0022000659
0022000616
0022000488
0022000202
0022000025
0022000788
0022000718
0022000059
0022000617
0022000372
0022000444
0022000045
0022000983
0022000890
0022000904
0022000097
0022000691
0022000662
0022000636
0022000749
0022000509
0022000288
0022000280
0022000338
0022000639
0022000282
0022001080
0022000985
0022000437
0022000587
0022000610
0022000540
0022000763
0022000544
0022000699
0022000821
0022000706
0022000872
0022000591
0022000561
0022000374
0022000033
0022000741
0022000118
0022001004
0022000330
0022001023
0022000910
0022000193
0022000962
0022001031
0022000385
0022000596
0022000861
0022000611
0022000141
0022000656
0022000192
0022000134
0022000032
0022000003
0022000517
0022001050
0022000669
0022000833
0022000764
0022000067
0022000776
0022000026
0022001034
0022000425
0022000647
0022000527
0022000055
0022000353
0022000645
0022000513
0022000297
0022000473
0022000352
0022000208
0022000688
0022000106
0022000550
0022000303
0022000406
0022000532
0022000970
0022000998
0022000519
0022000768
0022000608
0022000918
0022000095
0022000005
0022000598
0022000521
0022000704
0022000310
0022000275
0022000474
0022000414
0022000809
0022000370
0022000377
0022000934
0022000481
0022000227
0022000854
0022000572
0022001012
0022000941
0022000987
0022000452
0022000738
0022000205
0022001057
0022000546
0022000499
0022000975
0022000932
0022000091
0022000269
0022000552
0022000791
0022000023
0022001025
0022001042
0022000506
0022000622
0022000110
0022000461
0022000930
0022000819
0022000722
0022000404
0022000244
0022000500
0022000323
0022000469
0022000112
0022000152
0022000588
0022000757
0022000613
0022000909
0022000582
0022000586
0022000858
0022000511
0022000430
0022000369
0022000364
0022001036
0022000503
0022000959
0022000649
0022000287
0022000442
0022000013
0022000864
0022000978
0022000178
0022000883
0022000151
0022000470
0022000403
0022000080
0022000628
0022000936
0022000523
0022000747
0022000514
0022000797
0022000683
0022000292
0022000034
0022000954
0022000450
0022000750
0022000060
0022000840
0022000221
0022000526
0022000327
0022000850
0022000196
0022000900
0022000383
0022000393
0022000300
0022000159
0022000349
0022000379
0022000400
0022001058
0022000136
0022000086
0022000029
0022000248
0022000739
0022001006
0022000717
0022000504
0022000496
0022000068
0022000293
0022000317
0022000255
0022000194
0022000674
0022000553
0022000742
0022000924
0022000051
0022000593
0022000724
0022000813
0022000256
0022000845
0022000730
0022001053
0022000247
0022000466
0022000952
0022000042
0022000855
0022000672
0022000362
0022000163
0022000058
0022000020
0022000525
0022000646
0022000632
0022000575
0022000410
0022000206
0022000219
0022000824
0022000551
0022000963
0022001077
0022000222
0022000563
0022000835
0022000885
0022000571
0022000618
0022000923
0022000356
0022001041
0022000423
0022000137
0022000144
0022000516
0022000630
0022000130
0022000267
0022000236
0022000289
0022000429
0022000505
0022000915
0022000252
0022000133
0022000877
0022000545
0022000399
0022000497
0022000380
0022000272
0022000834
0022000460
0022000312
0022001062
0022000445
0022001046
0022000701
0022000241
0022000114
0022000841
0022000694
0022000124
0022000913
0022000590
0022000795
0022000233
0022000419
0022000448
0022000943
0022000223
0022000899
0022001028
0022000326
0022000881
0022000689
0022000564
0022001054
0022000502
0022000710
0022000415
0022000548
0022000277
0022000135
0022000626
0022000332
0022000577
0022000123
0022001024
0022000071
0022000463
0022000333
0022000957
0022000971
0022000875
0022000328
0022000076
0022000150
0022000737
0022000897
0022000584
0022000169
0022000138
0022000483
0022000012
0022000183
0022000109
0022000535
0022000015
0022000817
0022000658
0022000075
0022000999
0022000707
0022000354
0022000843
0022000028
0022000259
0022000692
0022000103
0022000175
0022001038
0022000779
0022000787
0022000760
0022000096
0022000265
0022000782
0022000664
0022000056
0022000761
0022001043
0022000723
0022000637
0022000278
0022000094
0022000634
0022000220
0022001052
0022000995
0022001071
0022001060
0022000319
0022000977
0022000301
0022000536
0022000210
0022000084
0022001044
0022000642
0022000443
0022000022
0022000105
0022000537
0022000684
0022000069
0022000831
0022000228
0022000296
0022001067
0022000313
0022001027
0022000727
0022000360
0022000816
0022001039
0022000455
0022100040
0022101214
0022100829
0022100810
0022100212
0022100574
0022100514
0022100225
0022101126
0022100671
0022100885
0022100139
0022100234
0022100012
0022100473
0022101010
0022100462
0022100933
0022100397
0022100639
0022100253
0022100447
0022100812
0022100164
0022100936
0022101184
0022100065
0022101151
0022100710
0022101106
0022101045
0022100438
0022101110
0022100193
0022100171
0022101035
0022100454
0022101139
0022100418
0022100945
0022100597
0022100209
0022101168
0022100709
0022100324
0022100383
0022100953
0022101018
0022100714
0022100472
0022100191
0022100923
0022101140
0022100103
0022100761
0022100991
0022100654
0022100145
0022101017
0022101134
0022100390
0022100128
0022101034
0022100954
0022100979
0022100511
0022101023
0022100219
0022101088
0022100890
0022100809
0022100965
0022100031
0022100575
0022100024
0022101224
0022100958
0022101167
0022100026
0022100678
0022100190
0022100657
0022100989
0022100534
0022100570
0022100726
0022100631
0022100834
0022100935
0022100280
0022100805
0022100239
0022100030
0022100640
0022100833
0022100549
0022100183
0022101145
0022100493
0022100970
0022100691
0022100130
0022100053
0022100681
0022101107
0022101021
0022100764
0022100157
0022100777
0022100641
0022100356
0022101182
0022100187
0022100155
0022100488
0022100898
0022100211
0022100170
0022100264
0022101092
0022100052
0022100440
0022100628
0022100906
0022101180
0022100416
0022100530
0022101081
0022100118
0022100651
0022100328
0022101201
0022100731
0022100944
0022100291
0022101002
0022100300
0022100126
0022100305
0022100426
0022100096
0022100916
0022100555
0022100165
0022100747
0022100997
0022100374
0022100414
0022100218
0022101024
0022100719
0022100564
0022100770
0022100826
0022100926
0022100598
0022101116
0022101074
0022100769
0022101001
0022100251
0022100617
0022101046
0022100798
0022101219
0022100846
0022100270
0022101056
0022100333
0022100011
0022100619
0022100002
0022101178
0022100523
0022100371
0022101113
0022100700
0022101084
0022100799
0022100057
0022101026
0022101100
0022100928
0022100957
0022100199
0022100151
0022100831
0022100019
0022100515
0022100037
0022100338
0022100652
0022100252
0022101039
0022100648
0022100746
0022100697
0022100141
0022100182
0022100290
0022100502
0022100781
0022101166
0022100353
0022101200
0022100618
0022100350
0022100423
0022100100
0022100888
0022100519
0022101064
0022100021
0022101030
0022100365
0022100482
0022101090
0022100263
0022100589
0022100633
0022100674
0022100331
0022100962
0022101038
0022100186
0022100626
0022100695
0022100668
0022101072
0022100322
0022100085
0022100060
0022100230
0022100083
0022100579
0022100864
0022100231
0022100047
0022101087
0022100062
0022100819
0022101060
0022101079
0022100930
0022101218
0022100988
0022100895
0022100084
0022100489
0022101131
0022100237
0022101186
0022100842
0022101153
0022100287
0022100437
0022100771
0022100532
0022100832
0022100260
0022100373
0022100420
0022100554
0022100415
0022100536
0022100682
0022101043
0022100755
0022101138
0022100653
0022100359
0022100610
0022100793
0022100138
0022100238
0022101025
0022100510
0022100765
0022101162
0022100228
0022100282
0022100074
0022100281
0022100802
0022101191
0022101165
0022101011
0022100984
0022100503
0022101091
0022100943
0022100380
0022100609
0022100213
0022100915
0022100707
0022101111
0022100425
0022100094
0022100341
0022101069
0022100737
0022100909
0022100134
0022100521
0022100662
0022100257
0022101019
0022100254
0022100063
0022100039
0022100901
0022100329
0022100048
0022100565
0022100723
0022100729
0022100475
0022100544
0022100180
0022100608
0022100758
0022100476
0022101020
0022100584
0022100095
0022101059
0022100496
0022100385
0022100395
0022100881
0022100435
0022100513
0022100273
0022100025
0022100814
0022100611
0022101080
0022100337
0022100299
0022100168
0022101118
0022100946
0022100154
0022100342
0022100347
0022100786
0022100122
0022100320
0022100850
0022100557
0022101149
0022100195
0022100092
0022100623
0022101075
0022100703
0022100538
0022100824
0022100712
0022100043
0022100461
0022101137
0022101063
0022100518
0022100089
0022100545
0022100163
0022101154
0022100147
0022100546
0022100497
0022100468
0022101054
0022100627
0022100286
0022100664
0022100144
0022101181
0022100592
0022100560
0022100866
0022100634
0022101173
0022100369
0022100613
0022100528
0022100975
0022100734
0022100599
0022100137
0022100277
0022100531
0022100267
0022100646
0022100581
0022100910
0022100748
0022100663
0022100304
0022100375
0022100294
0022100014
0022100284
0022100690
0022100920
0022100175
0022100301
0022101008
0022100852
0022100076
0022100543
0022100754
0022100309
0022100099
0022100120
0022100801
0022100311
0022100307
0022100845
0022100276
0022100133
0022100081
0022100784
0022100208
0022100205
0022100166
0022100658
0022100256
0022100483
0022100572
0022101114
0022100459
0022100582
0022100961
0022100050
0022100156
0022100973
0022101119
0022100285
0022100698
0022100479
0022101208
0022100452
0022100880
0022100129
0022100296
0022100142
0022100947
0022100976
0022101161
0022100135
0022101203
0022100381
0022101130
0022101000
0022100879
0022100241
0022100620
0022101158
0022100644
0022101202
0022100566
0022100759
0022100370
0022100245
0022100635
0022100266
0022100004
0022100441
0022100661
0022101104
0022101049
0022101157
0022100158
0022100174
0022100952
0022100724
0022100244
0022100469
0022100067
0022100760
0022101037
0022101207
0022100790
0022101212
0022100951
0022101210
0022100969
0022101164
0022100434
0022100044
0022100404
0022100704
0022100303
0022101213
0022100854
0022100500
0022100715
0022100768
0022101068
0022100551
0022101187
0022100090
0022100924
0022100196
0022100816
0022100408
0022100071
0022100027
0022100750
0022100223
0022100804
0022100450
0022100439
0022100066
0022100172
0022100559
0022100955
0022101183
0022100982
0022100460
0022100615
0022100161
0022100310
0022100463
0022100886
0022100289
0022100733
0022100436
0022100317
0022100316
0022100358
0022101013
0022100741
0022100079
0022100775
0022100642
0022101204
0022100480
0022100321
0022100146
0022100207
0022101121
0022100679
0022100539
0022100198
0022100762
0022100140
0022100860
0022100927
0022101105
0022100788
0022100018
0022100202
0022100246
0022100590
0022100293
0022100919
0022100045
0022100093
0022100673
0022100686
0022100744
0022101115
0022100875
0022100883
0022100072
0022100967
0022100637
0022100013
0022100685
0022100104
0022100275
0022100214
0022100569
0022100738
0022100524
0022100059
0022100998
0022100125
0022100481
0022100499
0022100921
0022101176
0022100963
0022101097
0022100873
0022100159
0022100160
0022100113
0022100001
0022100782
0022100960
0022100512
0022101101
0022100485
0022100825
0022100471
0022100992
0022100227
0022100354
0022100902
0022101230
0022100403
0022100813
0022100325
0022100399
0022101083
0022100401
0022101189
0022100162
0022101028
0022100716
0022101042
0022100983
0022101085
0022101179
0022100730
0022100974
0022100398
0022100433
0022100996
0022100394
0022100431
0022100752
0022100767
0022100912
0022101163
0022101227
0022101148
0022100520
0022100851
0022100905
0022101089
0022101177
0022101032
0022100636
0022100614
0022100785
0022100950
0022100677
0022100387
0022100061
0022100295
0022100676
0022101152
0022100576
0022100259
0022100417
0022100215
0022100922
0022100847
0022100727
0022101205
0022101093
0022100097
0022101070
0022100046
0022100643
0022100739
0022100757
0022100236
0022100571
0022100038
0022100216
0022100934
0022100098
0022100586
0022100448
0022101123
0022100020
0022100102
0022100720
0022100693
0022100233
0022101147
0022100567
0022100308
0022100203
0022101190
0022100486
0022100444
0022100189
0022100548
0022100772
0022100917
0022100830
0022100550
0022100742
0022100105
0022100123
0022100971
0022100240
0022100056
0022100844
0022100508
0022101003
0022100558
0022100143
0022100717
0022100109
0022100261
0022100148
0022100871
0022100911
0022100856
0022100075
0022100136
0022100925
0022100169
0022101047
0022101129
0022100650
0022100694
0022100194
0022100595
0022100283
0022100445
0022100119
0022101040
0022100529
0022100271
0022100941
0022100857
0022100114
0022101127
0022100406
0022100605
0022100820
0022100378
0022100855
0022100509
0022100630
0022100580
0022100526
0022100540
0022100865
0022100015
0022101196
0022100007
0022100088
0022100796
0022100220
0022100699
0022101005
0022100192
0022101033
0022100986
0022100527
0022101146
0022100964
0022101211
0022101122
0022100467
0022100456
0022100577
0022100127
0022100745
0022100740
0022100443
0022101095
0022101169
0022101215
0022100688
0022100339
0022100713
0022101109
0022100872
0022100152
0022100110
0022100616
0022100049
0022100823
0022101172
0022100899
0022100217
0022100876
0022100505
0022101061
0022100687
0022100659
0022100817
0022101194
0022100665
0022101012
0022100669
0022100743
0022100255
0022100449
0022100382
0022100756
0022100632
0022100494
0022101007
0022100372
0022101193
0022100722
0022100791
0022100680
0022100412
0022100977
0022100882
0022101015
0022100573
0022100082
0022100117
0022100355
0022100994
0022100702
0022100914
0022100368
0022101133
0022101065
0022100432
0022101016
0022101223
0022100413
0022101128
0022100051
0022100562
0022100736
0022101192
0022100242
0022100763
0022101004
0022100625
0022101103
0022100553
0022100670
0022100495
0022100179
0022100684
0022100344
0022100058
0022101150
0022100874
0022100828
0022100005
0022100006
0022100815
0022100017
0022100032
0022100858
0022100913
0022100600
0022100229
0022100318
0022100326
0022100430
0022100732
0022100306
0022100795
0022101143
0022100956
0022100184
0022101155
0022101132
0022100427
0022100106
0022101120
0022101044
0022100896
0022100336
0022100073
0022100086
0022100552
0022100938
0022100235
0022100258
0022100837
0022100364
0022100645
0022100893
0022100409
0022100029
0022100541
0022101125
0022101217
0022100718
0022100200
0022100706
0022100667
0022101136
0022101048
0022101108
0022100149
0022100806
0022100332
0022100537
0022100692
0022100121
0022100624
0022100780
0022100003
0022101022
0022100792
0022100821
0022100470
0022100787
0022100735
0022100563
0022100568
0022100705
0022100357
0022100388
0022100232
0022100889
0022100721
0022100583
0022100360
0022100501
0022100660
0022101141
0022100853
0022101062
0022101036
0022100942
0022101209
0022100929
0022101086
0022101124
0022100226
0022100379
0022100167
0022100507
0022101174
0022101077
0022101099
0022101156
0022100361
0022100878
0022101051
0022100818
0022100069
0022100778
0022100078
0022100204
0022100466
0022100897
0022101175
0022100949
0022100773
0022100451
0022100288
0022100887
0022100377
0022100348
0022101195
0022100870
0022100279
0022100959
0022100696
0022100298
0022100177
0022100937
0022100070
0022100995
0022100477
0022100340
0022100894
0022100446
0022100533
0022101229
0022100655
0022101006
0022100108
0022100386
0022100603
0022100607
0022101226
0022100884
0022100274
0022101199
0022100178
0022100262
0022100376
0022100797
0022100728
0022100794
0022100711
0022100080
0022100708
0022100197
0022100055
0022100980
0022101220
0022100363
0022100008
0022100221
0022100931
0022100323
0022100269
0022101160
0022100150
0022100330
0022100465
0022100248
0022100800
0022100173
0022101066
0022100504
0022101142
0022100594
0022100940
0022100612
0022100675
0022100903
0022100016
0022100891
0022100319
0022100054
0022100836
0022101031
0022100107
0022100535
0022101216
0022100587
0022101096
0022100751
0022100753
0022100822
0022100517
0022101082
0022101198
0022100407
0022100176
0022101188
0022100596
0022100999
0022100985
0022101067
0022100918
0022100892
0022100036
0022100525
0022100827
0022100932
0022100629
0022100808
0022100009
0022100869
0022100848
0022100405
0022100749
0022100028
0022100948
0022100585
0022100131
0022100474
0022100087
0022100666
0022100429
0022100428
0022100313
0022100907
0022101228
0022100591
0022100807
0022100421
0022100606
0022101135
0022100041
0022100649
0022100725
0022100835
0022100839
0022100022
0022100346
0022100859
0022100978
0022100604
0022101076
0022100068
0022100362
0022100506
0022100492
0022101197
0022100455
0022100335
0022100803
0022101185
0022100392
0022100701
0022100993
0022100838
0022100411
0022100352
0022100101
0022100035
0022101171
0022100345
0022100683
0022100966
0022100033
0022100556
0022100132
0022100111
0022100490
0022101170
0022100939
0022100222
0022100343
0022100672
0022100908
0022100272
0022101029
0022100861
0022100689
0022100972
0022101102
0022100457
0022100968
0022100115
0022100453
0022100766
0022101055
0022100862
0022101052
0022101053
0022100181
0022100464
0022100419
0022100393
0022100542
0022100188
0022100900
0022100312
0022101098
0022100776
0022100987
0022100849
0022100840
0022100034
0022100010
0022100400
0022101058
0022100243
0022100265
0022100602
0022100981
0022100314
0022100458
0022100990
0022101159
0022100774
0022100622
0022100351
0022100224
0022100389
0022100877
0022100498
0022100841
0022100478
0022101073
0022100647
0022100422
0022100867
0022100153
0022100064
0022100868
0022100396
0022101094
0022100077
0022100904
0022100268
0022100621
0022100442
0022100297
0022101050
0022100384
0022100366
0022100522
0022100327
0022100843
0022100391
0022100315
0022100561
0022101014
0022100042
0022101221
0022101041
0022100789
0022100124
0022100185
0022101009
0022100402
0022100023
0022101222
0022101071
0022100484
0022100278
0022101078
0022100206
0022101206
0022100578
0022100302
0022100112
0022100487
0022100656
0022101144
0022100783
0022100410
0022100116
0022100593
0022100247
0022101112
0022100811
0022100349
0022100334
0022100201
0022100250
0022101057
0022100367
0022100491
0022100601
0022100588
0022100292
0022101117
0022100210
0022100547
0022100424
0022100863
0022100249
0022100779
0022100516
0022101027
0022100638
0022100091
0022101225
0022200976
0022200907
0022200103
0022200911
0022200696
0022200737
0022200936
0022200323
0022200692
0022200525
0022200828
0022201208
0022201035
0022200442
0022200283
0022200633
0022201172
0022200184
0022200299
0022200575
0022200233
0022200282
0022200225
0022201058
0022200062
0022201024
0022201216
0022200340
0022200467
0022200230
0022200574
0022200401
0022201018
0022200254
0022200409
0022200015
0022200431
0022200343
0022201084
0022200107
0022201087
0022200990
0022200090
0022200176
0022200706
0022200653
0022200926
0022200289
0022200966
0022200131
0022201191
0022201223
0022201121
0022200746
0022200364
0022200885
0022201117
0022200268
0022200234
0022200101
0022200435
0022200784
0022200119
0022200806
0022201207
0022201136
0022201070
0022200540
0022200760
0022200127
0022200093
0022200434
0022200659
0022200838
0022200485
0022200172
0022200895
0022201112
0022200679
0022201008
0022201212
0022200562
0022200294
0022201149
0022200304
0022200915
0022201139
0022200749
0022200174
0022201122
0022201165
0022200203
0022200049
0022200646
0022200002
0022200519
0022200851
0022201014
0022200701
0022201118
0022200548
0022200622
0022200648
0022200968
0022200786
0022201140
0022200693
0022200846
0022200754
0022201125
0022200685
0022201056
0022200962
0022200974
0022200940
0022200589
0022200875
0022200406
0022200849
0022200096
0022201031
0022201049
0022201161
0022200716
0022200245
0022200027
0022201016
0022200496
0022200473
0022200970
0022200246
0022200565
0022200674
0022200834
0022200656
0022201170
0022200416
0022200770
0022200153
0022200376
0022200979
0022200195
0022200901
0022201030
0022201206
0022200635
0022200259
0022200644
0022200305
0022200056
0022200194
0022200855
0022200888
0022201133
0022200390
0022200399
0022200187
0022201150
0022200558
0022200285
0022200683
0022200913
0022200699
0022200993
0022200447
0022200980
0022200991
0022201069
0022200168
0022201203
0022200421
0022200086
0022201075
0022200188
0022200879
0022200006
0022201116
0022200670
0022200464
0022201071
0022200688
0022200028
0022200790
0022200918
0022200307
0022200337
0022200298
0022200645
0022200802
0022200848
0022201224
0022201184
0022200232
0022200450
0022200673
0022201213
0022200004
0022201120
0022200412
0022200547
0022200033
0022200078
0022200108
0022200636
0022200621
0022200719
0022200281
0022200081
0022200520
0022200361
0022200213
0022200313
0022200594
0022200067
0022200113
0022200554
0022201204
0022200601
0022201226
0022201015
0022200331
0022201109
0022200667
0022200526
0022201146
0022200020
0022200102
0022201090
0022200161
0022200287
0022201153
0022200835
0022200826
0022200495
0022200471
0022200146
0022200941
0022200950
0022201175
0022201124
0022201182
0022200924
0022200134
0022200041
0022200430
0022200072
0022200992
0022200919
0022201093
0022201036
0022200517
0022201034
0022200739
0022200160
0022200942
0022200934
0022201073
0022200715
0022200420
0022200532
0022200833
0022200488
0022200723
0022200362
0022201164
0022200260
0022201043
0022200856
0022200978
0022201143
0022200317
0022200662
0022200048
0022200830
0022200039
0022200415
0022200369
0022201012
0022200780
0022200773
0022200275
0022200568
0022201005
0022200824
0022201051
0022201091
0022200815
0022200583
0022200491
0022200477
0022200661
0022201135
0022200626
0022200925
0022200549
0022200418
0022200959
0022200286
0022200125
0022200403
0022201038
0022200250
0022200372
0022200703
0022200111
0022200557
0022200075
0022201202
0022200898
0022200788
0022200714
0022200595
0022200109
0022201159
0022200999
0022200058
0022200829
0022201086
0022200516
0022200261
0022200836
0022200383
0022200963
0022201052
0022200825
0022200663
0022200627
0022200066
0022200228
0022200534
0022200470
0022200395
0022200690
0022201198
0022200928
0022200731
0022200054
0022200112
0022200314
0022201185
0022201097
0022200013
0022200461
0022200971
0022201059
0022200397
0022200486
0022200201
0022200204
0022200590
0022200345
0022200870
0022200842
0022200243
0022200522
0022200381
0022200541
0022200869
0022201000
0022200349
0022201020
0022200472
0022200335
0022200120
0022200819
0022200981
0022200736
0022200463
0022200371
0022200200
0022200226
0022200610
0022201201
0022200336
0022200857
0022200738
0022200908
0022200165
0022200288
0022200468
0022200129
0022200455
0022200687
0022200007
0022200822
0022200023
0022201037
0022200053
0022200585
0022200070
0022200672
0022200611
0022201033
0022201168
0022200055
0022200296
0022200095
0022200512
0022200034
0022200123
0022200886
0022200352
0022200592
0022200961
0022200533
0022200543
0022200237
0022200210
0022200808
0022200166
0022200167
0022200148
0022201160
0022200873
0022200031
0022201192
0022200301
0022200009
0022200278
0022200634
0022200212
0022200089
0022201110
0022200531
0022200757
0022200264
0022201068
0022200454
0022200462
0022200753
0022201067
0022201041
0022200987
0022200060
0022201217
0022200812
0022201225
0022200122
0022200021
0022200586
0022201190
0022200428
0022200967
0022200265
0022200711
0022200725
0022200157
0022200665
0022200443
0022201141
0022200785
0022200567
0022200551
0022200654
0022200818
0022200604
0022200457
0022200411
0022200291
0022200235
0022200721
0022200050
0022201094
0022200140
0022200206
0022200805
0022200884
0022200579
0022200155
0022200566
0022200445
0022200432
0022201167
0022201046
0022200523
0022200094
0022201081
0022201004
0022200029
0022200809
0022200705
0022200180
0022200498
0022200556
0022200874
0022200876
0022200508
0022200413
0022200811
0022201003
0022200537
0022200351
0022200182
0022201101
0022201061
0022200958
0022200668
0022200309
0022201066
0022200270
0022200500
0022200600
0022200729
0022200279
0022200469
0022200387
0022200170
0022200334
0022200931
0022200539
0022200318
0022200293
0022201001
0022200503
0022200782
0022200902
0022200781
0022200772
0022200502
0022200276
0022200536
0022200957
0022201123
0022201028
0022201229
0022201106
0022200771
0022200912
0022200504
0022200947
0022200449
0022200466
0022200758
0022200269
0022200882
0022200341
0022200175
0022200332
0022200045
0022200813
0022200069
0022200118
0022201085
0022200951
0022201114
0022200623
0022200216
0022200530
0022200794
0022201060
0022200779
0022201079
0022200608
0022200577
0022200251
0022200190
0022200709
0022201154
0022200867
0022200344
0022200649
0022201137
0022200114
0022200084
0022200814
0022200001
0022200489
0022201021
0022200110
0022200643
0022200356
0022200083
0022200171
0022200363
0022200580
0022201197
0022200355
0022200840
0022200169
0022200642
0022200192
0022200244
0022200750
0022200602
0022200366
0022200292
0022200321
0022200319
0022200956
0022200996
0022200236
0022200433
0022200384
0022201152
0022201083
0022200139
0022200767
0022201064
0022200853
0022200136
0022200003
0022200324
0022200713
0022200728
0022201080
0022200423
0022200064
0022200427
0022200629
0022200945
0022200894
0022200154
0022201219
0022200639
0022200354
0022201196
0022200707
0022201076
0022200487
0022200147
0022200242
0022200238
0022200730
0022201119
0022200552
0022200130
0022200224
0022200047
0022200774
0022200273
0022201072
0022201063
0022200896
0022200866
0022201105
0022200141
0022200328
0022200425
0022201103
0022201187
0022200202
0022200438
0022201054
0022200955
0022200612
0022200603
0022200797
0022200669
0022201173
0022200360
0022200892
0022200092
0022201013
0022201007
0022201142
0022200535
0022200677
0022200478
0022200852
0022200798
0022200339
0022200948
0022200357
0022200904
0022200624
0022200373
0022200347
0022201057
0022200036
0022200994
0022200616
0022200682
0022201199
0022200752
0022200348
0022200697
0022200678
0022200426
0022200850
0022200262
0022200628
0022200507
0022200016
0022200073
0022201055
0022200221
0022200905
0022200217
0022200191
0022200465
0022200037
0022200152
0022200868
0022201132
0022200044
0022200280
0022200501
0022201157
0022201011
0022200494
0022200186
0022200128
0022200011
0022200676
0022201113
0022201107
0022201098
0022200964
0022200378
0022200718
0022200630
0022201074
0022200327
0022200223
0022200010
0022200043
0022200100
0022201205
0022200479
0022200929
0022201088
0022200422
0022200046
0022200061
0022200631
0022200193
0022200795
0022200949
0022200509
0022201044
0022200691
0022200173
0022200142
0022200550
0022200726
0022201100
0022200197
0022200394
0022200917
0022200310
0022200765
0022200606
0022200985
0022200680
0022200571
0022200823
0022200026
0022201156
0022200138
0022200613
0022200196
0022201174
0022200311
0022200862
0022201130
0022200030
0022201027
0022200391
0022200065
0022200514
0022200528
0022200460
0022200695
0022200625
0022200393
0022200789
0022200817
0022200650
0022201078
0022200248
0022200615
0022200408
0022200437
0022200997
0022200493
0022200306
0022200546
0022200145
0022201127
0022201040
0022200983
0022201032
0022200316
0022200400
0022200429
0022200939
0022200944
0022201200
0022200008
0022200524
0022200684
0022201042
0022200841
0022200881
0022200751
0022200106
0022200598
0022200322
0022200482
0022200263
0022201065
0022200889
0022200759
0022200205
0022200927
0022201047
0022200218
0022201115
0022200969
0022200359
0022200207
0022200831
0022200257
0022200660
0022200863
0022200398
0022200476
0022200893
0022200040
0022201096
0022200792
0022200768
0022201129
0022200778
0022201195
0022200511
0022201138
0022200505
0022200903
0022200843
0022200742
0022201220
0022200800
0022200897
0022201214
0022200452
0022200686
0022200734
0022200593
0022200076
0022200545
0022200975
0022200581
0022200620
0022200178
0022200837
0022200388
0022200844
0022200380
0022201053
0022200588
0022201002
0022200151
0022201145
0022200938
0022200871
0022201104
0022200614
0022200158
0022200256
0022200804
0022200887
0022200858
0022200845
0022200527
0022201089
0022200022
0022200209
0022201215
0022200386
0022200082
0022200474
0022200609
0022200647
0022200215
0022200559
0022200988
0022200271
0022200222
0022200998
0022200529
0022200456
0022200573
0022200607
0022200105
0022200374
0022200350
0022200510
0022200617
0022200827
0022200872
0022200365
0022200329
0022200274
0022200024
0022200796
0022200775
0022200793
0022200859
0022200787
0022201166
0022200484
0022200214
0022200325
0022200302
0022200199
0022201108
0022200342
0022201183
0022200569
0022200899
0022200641
0022200079
0022201186
0022200717
0022200727
0022201026
0022200591
0022201017
0022200132
0022200655
0022200675
0022200922
0022200515
0022200909
0022200632
0022200810
0022200162
0022200121
0022200769
0022200891
0022200745
0022200986
0022200404
0022200080
0022200159
0022200382
0022200977
0022200266
0022200732
0022200451
0022200012
0022200240
0022200074
0022201147
0022200599
0022200597
0022200385
0022200708
0022200300
0022200921
0022200821
0022200220
0022200458
0022201010
0022200247
0022200088
0022200952
0022200783
0022200712
0022200183
0022200087
0022200353
0022200249
0022200733
0022200241
0022200480
0022200880
0022200229
0022200099
0022200933
0022200104
0022201194
0022200916
0022200370
0022200700
0022200542
0022200312
0022201009
0022200619
0022200410
0022201227
0022200124
0022201025
0022200900
0022200572
0022200930
0022201092
0022200407
0022200057
0022200284
0022201171
0022201179
0022200005
0022200820
0022200277
0022200801
0022200414
0022200618
0022200405
0022200330
0022200267
0022200570
0022200189
0022200890
0022201193
0022200791
0022200995
0022200652
0022200133
0022200198
0022201131
0022200497
0022200989
0022200163
0022200681
0022201151
0022200441
0022200252
0022200965
0022201022
0022200185
0022200953
0022200483
0022200018
0022200854
0022200658
0022200231
0022200156
0022200177
0022200506
0022201144
0022200211
0022200578
0022200984
0022200085
0022200864
0022200071
0022200038
0022200724
0022200068
0022200761
0022200290
0022200584
0022200181
0022200638
0022200937
0022200740
0022200253
0022200295
0022200932
0022200032
0022200972
0022200744
0022200239
0022200698
0022200605
0022200303
0022200766
0022200741
0022200439
0022200308
0022200748
0022200444
0022201039
0022200475
0022200960
0022200920
0022200914
0022200417
0022201062
0022200816
0022200320
0022200954
0022200576
0022200832
0022201082
0022200063
0022201045
0022200179
0022200587
0022200702
0022200333
0022200722
0022200219
0022200017
0022200436
0022200116
0022200019
0022200490
0022200453
0022200847
0022200943
0022200666
0022201099
0022200704
0022201210
0022200389
0022201019
0022200596
0022200544
0022200098
0022200561
0022200582
0022200368
0022200149
0022200258
0022200563
0022200052
0022200720
0022200521
0022200492
0022200710
0022201050
0022200126
0022201221
0022200555
0022201218
0022200640
0022200448
0022200777
0022201222
0022200560
0022200803
0022201181
0022200315
0022200326
0022201211
0022201162
0022201163
0022200338
0022200379
0022201095
0022200762
0022201178
0022201155
0022201148
0022200059
0022201158
0022200297
0022200117
0022200459
0022200419
0022200756
0022200499
0022200861
0022200135
0022200755
0022200025
0022200144
0022200747
0022200446
0022200014
0022200346
0022200097
0022201228
0022200227
0022200689
0022200839
0022200402
0022200538
0022200973
0022201169
0022200272
0022200143
0022201188
0022201180
0022200878
0022200424
0022201048
0022200694
0022200042
0022201176
0022200735
0022201102
0022200807
0022200946
0022200553
0022200671
0022200440
0022201230
0022200392
0022200763
0022201189
0022200910
0022200657
0022201006
0022200164
0022200764
0022201126
0022200664
0022200035
0022201077
0022200935
0022200375
0022201023
0022200481
0022200513
0022201128
0022200564
0022200518
0022200637
0022201111
0022200208
0022200255
0022200743
0022200923
0022200396
0022200883
0022201134
0022200865
0022200051
0022200651
0022200377
0022200137
0022201029
0022200860
0022200877
0022200776
0022200077
0022200091
0022200367
0022200150
0022200982
0022200906
0022201209
0022200115
0022200799
0022200358
0022201177
0022300950
0022301031
0022300888
0022301043
0022300783
0022301083
0022300744
0022300541
0022300910
0022300261
0022300691
0022300409
0022300990
0022300602
0022300690
0022300156
0022300392
0022300536
0022300027
0022300832
0022301229
0022300755
0022300457
0022301176
0022300834
0022300008
0022301085
0022300174
0022300676
0022301074
0022300166
0022300377
0022300440
0022300739
0022300742
0022300097
0022300843
0022300114
0022301135
0022300689
0022301189
0022300420
0022300403
0022300287
0022300323
0022301061
0022300225
0022301098
0022300671
0022300216
0022300637
0022300725
0022300485
0022300448
0022300982
0022300458
0022300577
0022300138
0022300056
0022300276
0022300634
0022301111
0022300101
0022300523
0022301002
0022300002
0022300688
0022300896
0022300007
0022300984
0022300652
0022300419
0022300906
0022300644
0022300571
0022300505
0022300160
0022300086
0022300520
0022300736
0022300905
0022300332
0022300682
0022300163
0022301049
0022300978
0022300815
0022300343
0022301117
0022300770
0022300045
0022301030
0022301205
0022300561
0022300449
0022300649
0022300502
0022300129
0022300964
0022300839
0022300619
0022301217
0022300089
0022301201
0022300034
0022300794
0022300184
0022300147
0022300574
0022300337
0022301139
0022300312
0022300921
0022300608
0022300947
0022301134
0022300529
0022301051
0022300453
0022301039
0022300598
0022300661
0022300404
0022300223
0022300368
0022300254
0022300535
0022300696
0022300164
0022300161
0022300663
0022300170
0022300588
0022300883
0022300460
0022300953
0022301023
0022300342
0022300851
0022301165
0022300211
0022300154
0022300586
0022300758
0022301053
0022300388
0022301126
0022300393
0022300937
0022300635
0022300289
0022300980
0022300859
0022300122
0022301081
0022300971
0022301028
0022300173
0022300180
0022300438
0022300913
0022301029
0022300238
0022300710
0022300699
0022301160
0022301197
0022300050
0022300152
0022300061
0022300583
0022301092
0022300610
0022300662
0022301226
0022300260
0022300515
0022300015
0022300865
0022300933
0022300324
0022301013
0022301138
0022300500
0022300762
0022301179
0022301142
0022300902
0022300495
0022300219
0022300246
0022300504
0022300501
0022300286
0022301218
0022300674
0022301068
0022300181
0022300844
0022301107
0022301190
0022300095
0022301057
0022300847
0022300618
0022300237
0022300813
0022300565
0022301079
0022301005
0022300747
0022300519
0022300636
0022300263
0022300349
0022300253
0022300858
0022300788
0022300818
0022300410
0022300358
0022300709
0022300930
0022300221
0022301150
0022300416
0022300013
0022300524
0022300127
0022301122
0022300831
0022301213
0022300283
0022301020
0022300074
0022300768
0022300922
0022300656
0022300150
0022300803
0022300356
0022300058
0022300307
0022300866
0022300421
0022300035
0022300192
0022300952
0022301180
0022300992
0022300549
0022301082
0022300957
0022300465
0022301127
0022300006
0022300507
0022300970
0022300575
0022300484
0022300379
0022300609
0022300723
0022300959
0022300293
0022300032
0022301224
0022300208
0022300483
0022300466
0022300436
0022300265
0022300517
0022300875
0022300667
0022301055
0022300623
0022300113
0022300348
0022300740
0022300737
0022301064
0022300042
0022300445
0022300001
0022301137
0022301155
0022300596
0022300146
0022300926
0022301164
0022300367
0022300487
0022300376
0022300295
0022301222
0022300197
0022300988
0022300064
0022300450
0022300522
0022300135
0022300779
0022301136
0022301104
0022300373
0022300607
0022300476
0022300745
0022300249
0022300111
0022300451
0022301045
0022300760
0022300408
0022300317
0022300928
0022300105
0022300781
0022300728
0022300306
0022300852
0022301090
0022301011
0022300402
0022300657
0022300697
0022300573
0022300741
0022300273
0022300837
0022300934
0022300326
0022301129
0022300871
0022300383
0022300880
0022300777
0022300072
0022300819
0022300140
0022300622
0022300279
0022300251
0022301178
0022300848
0022300463
0022300829
0022300752
0022300092
0022300846
0022300530
0022300411
0022300968
0022301073
0022300418
0022301221
0022300200
0022300469
0022300264
0022300117
0022300997
0022300881
0022300653
0022300228
0022300041
0022300877
0022301191
0022300310
0022300281
0022300666
0022300104
0022300601
0022300808
0022300845
0022300999
0022300052
0022300020
0022300389
0022300017
0022300977
0022300499
0022301130
0022300863
0022300798
0022300785
0022300168
0022300771
0022300642
0022300400
0022300605
0022300369
0022300488
0022300521
0022300578
0022300288
0022301024
0022300082
0022301200
0022300705
0022300810
0022301022
0022300474
0022300823
0022301181
0022300594
0022300750
0022300641
0022301075
0022300242
0022300929
0022300096
0022301170
0022301144
0022300593
0022300949
0022300384
0022300311
0022300210
0022300825
0022300341
0022300595
0022300131
0022300853
0022301196
0022300447
0022300233
0022301032
0022300703
0022300196
0022300151
0022300510
0022301153
0022300678
0022300557
0022300795
0022300142
0022300672
0022300891
0022300496
0022300503
0022300240
0022300452
0022300721
0022300244
0022300275
0022300885
0022300870
0022300830
0022301108
0022300352
0022301016
0022300911
0022300925
0022301188
0022300942
0022300333
0022300065
0022301230
0022300318
0022300893
0022301169
0022300141
0022300869
0022300754
0022300043
0022300732
0022301065
0022300222
0022300107
0022300259
0022300298
0022300371
0022300005
0022300784
0022300396
0022300014
0022301166
0022301146
0022300399
0022301183
0022300123
0022300158
0022300269
0022300126
0022300030
0022300391
0022300812
0022300660
0022301149
0022300434
0022300516
0022300498
0022300966
0022300213
0022300290
0022300365
0022300004
0022300178
0022301156
0022301076
0022301162
0022300354
0022300533
0022300597
0022300726
0022300098
0022301220
0022300828
0022301148
0022300385
0022300040
0022300145
0022300102
0022301154
0022300961
0022300195
0022300157
0022300679
0022300271
0022300362
0022301044
0022301019
0022300023
0022300973
0022301204
0022301159
0022300169
0022300685
0022300615
0022300190
0022300712
0022301094
0022300012
0022300924
0022300325
0022300038
0022300217
0022300119
0022300462
0022300579
0022300406
0022300912
0022300018
0022301058
0022300897
0022300051
0022300401
0022300645
0022300361
0022300148
0022300022
0022300647
0022301014
0022300482
0022300270
0022300963
0022300071
0022300331
0022300464
0022301143
0022300868
0022300472
0022300664
0022301103
0022300935
0022301112
0022300198
0022300328
0022300188
0022300315
0022300079
0022300070
0022300330
0022300201
0022301174
0022300532
0022300901
0022300591
0022300378
0022300842
0022301010
0022300455
0022301100
0022300091
0022300606
0022300470
0022300057
0022301084
0022300914
0022300320
0022301018
0022300395
0022300969
0022300715
0022300694
0022300563
0022300864
0022300680
0022301113
0022300296
0022300909
0022300431
0022301091
0022300776
0022300329
0022300986
0022300257
0022300003
0022300319
0022300124
0022300590
0022300716
0022300695
0022300252
0022300427
0022301223
0022301203
0022300053
0022300559
0022300456
0022300592
0022300624
0022300626
0022300309
0022300995
0022301128
0022300351
0022300876
0022300629
0022301017
0022301106
0022301185
0022300108
0022300292
0022301132
0022300336
0022300060
0022300900
0022300407
0022300646
0022300294
0022300303
0022300890
0022300855
0022300616
0022300081
0022301194
0022301093
0022300908
0022300491
0022300375
0022300459
0022300673
0022300827
0022300965
0022301086
0022300962
0022300840
0022300075
0022300301
0022300753
0022300415
0022300767
0022301060
0022300229
0022301059
0022300722
0022300134
0022300746
0022300255
0022300547
0022300687
0022300204
0022300539
0022300121
0022300386
0022300230
0022300302
0022300860
0022300322
0022300814
0022300899
0022300894
0022300792
0022300370
0022300873
0022300258
0022300471
0022301056
0022300054
0022300556
0022301121
0022300917
0022300749
0022300918
0022300878
0022300423
0022300239
0022300300
0022301208
0022300943
0022300357
0022300137
0022300698
0022300537
0022300898
0022300658
0022300433
0022300235
0022300692
0022300112
0022301118
0022300314
0022300774
0022301001
0022300603
0022300182
0022300960
0022301210
0022301133
0022300856
0022300278
0022300525
0022300125
0022300675
0022301171
0022300665
0022301067
0022300010
0022300748
0022300967
0022301063
0022301109
0022301038
0022300172
0022300220
0022300621
0022300531
0022300874
0022300090
0022300492
0022300568
0022300730
0022300083
0022300717
0022300824
0022300490
0022300904
0022300805
0022300945
0022300414
0022300628
0022300479
0022300468
0022301119
0022301157
0022301116
0022300659
0022300576
0022300985
0022300702
0022301125
0022300640
0022300772
0022300872
0022301167
0022300972
0022300186
0022301052
0022300991
0022300442
0022300118
0022300446
0022300681
0022301215
0022301158
0022300443
0022300907
0022301072
0022300428
0022301077
0022300176
0022300422
0022300024
0022300439
0022300756
0022301207
0022300177
0022300954
0022301202
0022300497
0022300560
0022300981
0022300789
0022300551
0022300627
0022301042
0022301120
0022300224
0022300889
0022301080
0022300093
0022300099
0022300202
0022300727
0022300231
0022300974
0022300773
0022300019
0022300347
0022300987
0022301140
0022300345
0022300390
0022300548
0022300731
0022300841
0022300545
0022300078
0022300849
0022300115
0022300670
0022300939
0022300944
0022300280
0022301184
0022300477
0022301228
0022300128
0022300381
0022300175
0022300718
0022300677
0022300313
0022301187
0022300248
0022300778
0022301036
0022301021
0022300067
0022301168
0022301198
0022300998
0022300919
0022300511
0022301152
0022300316
0022300790
0022300655
0022300761
0022300033
0022300031
0022300044
0022301035
0022300193
0022300037
0022301087
0022300932
0022300218
0022300305
0022300360
0022300816
0022300143
0022300714
0022300920
0022300509
0022300931
0022301193
0022300036
0022300544
0022300946
0022300136
0022301216
0022300751
0022300226
0022300587
0022300600
0022300350
0022300996
0022300149
0022300364
0022300884
0022300518
0022300026
0022300804
0022300338
0022300938
0022300048
0022300185
0022300268
0022300787
0022301037
0022300800
0022300087
0022300582
0022301131
0022301046
0022301040
0022300209
0022300047
0022301099
0022300344
0022300120
0022300011
0022301025
0022300467
0022301209
0022300564
0022300144
0022300274
0022300765
0022301000
0022300478
0022301124
0022301066
0022300076
0022300353
0022300976
0022300941
0022300405
0022300527
0022300063
0022300299
0022300215
0022300272
0022300759
0022300055
0022301015
0022300809
0022300791
0022300769
0022301003
0022300820
0022300558
0022300639
0022300080
0022300862
0022301147
0022300585
0022301006
0022300630
0022300554
0022300734
0022300291
0022300100
0022300199
0022300321
0022300284
0022300059
0022300424
0022300165
0022300589
0022300021
0022300162
0022300786
0022301033
0022300553
0022300724
0022301008
0022300346
0022300282
0022300506
0022300956
0022301101
0022300475
0022300212
0022301096
0022300266
0022301212
0022301050
0022300936
0022300701
0022300857
0022300480
0022300955
0022300581
0022300983
0022301192
0022300940
0022300567
0022300861
0022300550
0022300398
0022300782
0022300887
0022300430
0022301219
0022300387
0022300854
0022300836
0022300850
0022300397
0022300245
0022300094
0022300028
0022301177
0022300413
0022301172
0022300461
0022300633
0022300339
0022300241
0022301141
0022300707
0022300493
0022300654
0022301145
0022300394
0022300417
0022301048
0022300234
0022300454
0022300604
0022300155
0022301206
0022300382
0022300811
0022301175
0022300432
0022300882
0022301110
0022300304
0022300073
0022301115
0022300214
0022300277
0022300613
0022300915
0022300835
0022300062
0022301041
0022300822
0022300206
0022301211
0022301151
0022300359
0022300374
0022300708
0022300572
0022300191
0022300632
0022300187
0022300203
0022300016
0022301054
0022300508
0022300903
0022300335
0022300614
0022300068
0022300179
0022300686
0022300720
0022300540
0022300806
0022300340
0022300958
0022300372
0022300668
0022300555
0022300817
0022300514
0022301009
0022300066
0022300821
0022300334
0022300719
0022300927
0022301069
0022300799
0022300951
0022300538
0022301089
0022300611
0022300285
0022300713
0022300088
0022300085
0022300826
0022301026
0022300444
0022300733
0022300025
0022300486
0022300355
0022300153
0022301186
0022301007
0022300757
0022301095
0022300584
0022300780
0022301214
0022300106
0022300684
0022300526
0022300049
0022301102
0022301088
0022300569
0022300625
0022300807
0022300975
0022300704
0022300171
0022300243
0022300735
0022300366
0022300205
0022300706
0022300513
0022300426
0022300766
0022300236
0022300207
0022300650
0022300993
0022300194
0022300879
0022300552
0022301097
0022300489
0022301071
0022300103
0022300267
0022300738
0022300473
0022300183
0022300763
0022300669
0022300793
0022300412
0022300069
0022300892
0022300046
0022300429
0022300838
0022300570
0022301078
0022301027
0022300297
0022300895
0022300256
0022300546
0022300130
0022300989
0022300693
0022300620
0022300979
0022300425
0022300743
0022300167
0022300494
0022300110
0022300262
0022300327
0022300764
0022300802
0022300363
0022300009
0022301161
0022300139
0022300617
0022301105
0022301123
0022300775
0022300651
0022300077
0022300250
0022300132
0022300867
0022300247
0022300435
0022301195
0022300534
0022301062
0022300542
0022301047
0022300039
0022300599
0022300683
0022300923
0022300566
0022300133
0022300833
0022300700
0022300528
0022300308
0022300612
0022300512
0022300029
0022301225
0022300948
0022300562
0022300580
0022301114
0022300886
0022300441
0022300227
0022300232
0022301012
0022301199
0022300711
0022300994
0022301173
0022300916
0022300796
0022300801
0022300159
0022301182
0022300543
0022301034
0022300729
0022300797
0022300189
0022300631
0022301004
0022300648
0022300116
0022300084
0022300437
0022301163
0022300109
0022300481
0022300380
0022300643
0022301070
0022301227
0022300638