0021701072
0021800856
0022100286
0022201040
0021700386
0022300179
0021700398
0022100724
0022100278
0022300128
0022000575
0021801019
0022200781
0021800175
0022100667
0022200177
0022000657
0021700654
0022100998
0022301010
0022100801
0021900338
0022201134
0021700332
0022201129
0022300341
0022200465
0022201090
0022201143
0021900743
0022001024
0022100681
0022100354
0021700896
0022100266
0021900349
0021800975
0022300236
0021900016
0021901231
0022200835
0022201084
0022300115
0021900364
0022000862
0022200067
0022000893
0022101133
0021700200
0022200324
0021801144
0022000590
0021700894
0021700275
0022100381
0022100487
0022000218
0021700486
0021900650
0022100326
0021900702
0021900075
0022000267
0021800590
0022200123
0021800049
0022000620
0021900830
0021700147
0022200939
0022300260
0022300619
0021800367
0022100294
0021900530
0021900846
0022300857
0021700378
0022300980
0021700873
0022301070
0021800044
0022000180
0022000896
0021800769
0022300270
0022000789
0021701194
0022300426
0021800160
0021801185
0022101193
0022300327
0022300407
0022200294
0021800187
0022200238
0022000907
0021900094
0021900525
0021900920
0021900872
0022201181
0022300644
0022100155
0022100425
0022000464
0022100725
0021800216
0022000790
0022300894
0022201169
0022200820
0021900381
0022000500
0021800445
0022200961
0022101009
0021701127
0021800116
0022000356
0021700264
0022000769
0021700681
0021800245
0022100909
0021900476
0021900813
0021900196
0021800954
0022101147
0022201225
0022000026
0021900258
0021800758
0022100344
0022100700
0021900189
0021700922
0021701105
0022100421
0021800396
0022200206
0022300474
0021801188
0021800416
0021900019
0022100668
0022101048
0021800507
0021900499
0021900758
0022000205
0022100497
0021800999
0022200620
0022101028
0022000628
0021800862
0022200646
0021900923
0022300663
0021700221
0022000493
0022300466
0022000242
0021700195
0022000547
0021900812
0022100270
0022100665
0022200658
0021701134
0021900469
0022100258
0021900032
0022100246
0021900464
0022000044
0022201172
0021800993
0021900828
0022000757
0021800675
0022100911
0021900206
0022300019
0021700871
0021900627
0021801098
0022100433
0021900384
0022200387
0021700684
0021800177
0021700134
0021900304
0021900187
0022201132
0022200695
0022100754
0022300130
0022200845
0021800989
0022000100
0022200556
0021800838
0021801215
0021700630
0021700432
0021800863
0022100506
0022200268
0022300688
0022100323
0021800547
0021800996
0021800132
0022200882
0021800283
0022301082
0021800192
0021801206
0021800488
0021701195
0021900013
0022200299
0022200826
0022201138
0022300553
0021901301
0021700870
0021801211
0021800897
0022300079
0021700053
0022200571
0022100989
0021801029
0022300456
0021700411
0022300331
0021700110
0022200726
0021701043
0022000194
0021900084
0022100825
0021901245
0021900449
0022000553
0022100533
0021700094
0022300582
0021901239
0022201046
0021900081
0022200053
0022300203
0021800034
0021900036
0021701150
0022200322
0022300767
0021901281
0022100303
0022000539
0022100950
0022301045
0022000688
0022300423
0021701123
0022000186
0022000510
0022100386
0022100675
0021800777
0021700529
0021701184
0021800282
0021700921
0022000573
0022100984
0022100274
0021700474
0021701107
0021700404
0022200467
0021700608
0021700763
0021900538
0022100086
0022300293
0021800239
0022200164
0021900901
0022100037
0021700276
0022100365
0022300004
0021800054
0021801202
0022000227
0022000812
0022200182
0021800818
0021700233
0021900510
0021700477
0022201228
0022200869
0022300581
0021900823
0021700659
0022200233
0022100873
0022300262
0021700840
0021701147
0021800119
0022100596
0021900849
0022000262
0022000936
0021800085
0022100826
0022201083
0021700190
0022200941
0021800462
0022100468
0022000171
0022100985
0022300408
0021700414
0021900874
0021700269
0022200408
0021801175
0022200833
0022100093
0022101007
0021800190
0021800688
0022000479
0021800537
0021900963
0022100621
0022000344
0022000352
0022000597
0022100796
0022100205
0022300639
0021800153
0022100230
0022201041
0021900020
0022000750
0022200419
0021701071
0022300749
0021700193
0022201198
0021800154
0021800724
0022100486
0021900402
0022000697
0021800559
0022000173
0022200063
0021800505
0021700692
0022300813
0021900821
0022100012
0021801062
0022100830
0022001051
0021800123
0022100281
0022200909
0022300735
0021800098
0022000002
0022200171
0021800900
0022000473
0022100502
0022100949
0021801043
0022100948
0022300945
0022300431
0021700029
0022200096
0021800923
0022300761
0021900964
0021700174
0022000520
0022300102
0022300333
0022200212
0022100335
0022300637
0022200819
0021700726
0022000421
0022000619
0021900903
0021700862
0021800023
0022100374
0022301023
0022100730
0021900555
0021900272
0022300122
0022000187
0022200584
0021900285
0022000825
0021801094
0021800962
0021700310
0022200344
0021900632
0021800335
0022301164
0022200153
0022300305
0021800811
0022300302
0021700768
0022301086
0021800642
0022300500
0022200383
0021800036
0022000308
0022300592
0021700812
0021800284
0022300531
0021800137
0021800506
0022100465
0021700920
0021800965
0022000594
0021900693
0022200424
0022101124
0021700526
0022100092
0022300646
0021801072
0022100541
0022200473
0022300026
0021900353
0021900396
0021900552
0021800689
0022100475
0022301049
0021700893
0021900316
0021700976
0022000159
0021900082
0022300259
0022101159
0022300809
0022000249
0021700707
0021800423
0022300332
0022100770
0021800785
0021900599
0022100943
0021700978
0022000772
0021700240
0022100956
0022100010
0022200888
0022100895
0021701161
0022200824
0022200870
0022200848
0021700189
0021701198
0021900070
0022301199
0021900018
0022201164
0022000840
0021700749
0021700592
0022200950
0021900299
0021800986
0021700929
0021800680
0022300069
0021800807
0022100142
0022100633
0021700133
0022300834
0021900134
0021700115
0022100481
0021900839
0021700732
0022300891
0022000856
0022100720
0022000957
0021700739
0021700476
0022300860
0022300048
0022300055
0022000422
0022301194
0021800334
0022000438
0022100445
0022300858
0022001031
0022300278
0022200747
0021800670
0022100697
0022100403
0021900710
0022300697
0022301213
0022200578
0022000699
0022300493
0022000106
0022000727
0022300005
0022000964
0022101086
0021800555
0022201060
0022201074
0022200441
0021700532
0021700262
0021800379
0021900159
0022100478
0021900773
0022300204
0021700769
0022000626
0021700458
0022000009
0022200395
0022300822
0022000621
0022101138
0022301191
0022100128
0021900214
0021700643
0021800991
0022000593
0022100394
0022100951
0022200763
0022200031
0021700936
0022200954
0021800934
0022300730
0021800360
0022100003
0022100055
0022300476
0021701160
0022000495
0022201006
0021700607
0021700051
0022200687
0021900379
0021700073
0022000872
0021800407
0022200624
0021700333
0021700811
0021900366
0022301028
0021700796
0022100369
0022000114
0021900580
0021700595
0021800639
0022000694
0021800455
0022300392
0022000058
0021700574
0022201096
0022200081
0022300773
0022200559
0021701062
0021900188
0022200176
0022000846
0022200861
0022000287
0022000328
0022100823
0021700649
0021801002
0022001053
0021800145
0022000195
0021700632
0021800378
0021800885
0022000949
0022300049
0022100735
0022201174
0021800317
0021900703
0022100582
0022100130
0022001038
0022100982
0021801108
0021700164
0021701010
0021900724
0021801132
0021900648
0021800708
0022200220
0022301042
0022100140
0021700954
0021801221
0021801155
0022000084
0022000919
0022301129
0022000672
0021901258
0022301125
0021800890
0022100102
0021900314
0021700363
0022300412
0022100529
0021800464
0021800097
0022100224
0022000543
0022000565
0022000160
0021800701
0021700551
0022300071
0022200844
0021700418
0021701172
0022100190
0022000257
0022000532
0021800184
0021701206
0022300207
0021700887
0022201133
0022300087
0021900673
0022201160
0022200531
0022100196
0021701076
0021700440
0021800894
0021800888
0022300576
0022300502
0022101155
0022200273
0022100658
0022000651
0022201034
0022100029
0022000835
0022000652
0021800395
0021900506
0022100905
0022200796
0022200529
0022200729
0021800275
0022300913
0021701192
0022100573
0021700983
0021700241
0022000400
0022100812
0021700797
0022300240
0022200528
0021801073
0021800124
0021700062
0022300930
0021701173
0022001028
0021800330
0021801116
0021800747
0021901279
0022100928
0022000555
0021700538
0021700888
0021700198
0022200435
0022200375
0021900720
0022300226
0021900596
0022201018
0022200209
0021900668
0022200611
0021800461
0022101094
0022300366
0022100302
0022301212
0021700222
0022100898
0021800589
0021900049
0022200684
0022200540
0021900308
0022200581
0021800439
0022300321
0022301144
0021901275
0022300865
0022000245
0022201004
0022200659
0022201159
0022301024
0022300796
0021800173
0022101018
0021800309
0022300625
0021900585
0022300788
0022301026
0022000030
0021801218
0022300058
0022100891
0022100290
0022201066
0022200550
0022000212
0021900567
0022301056
0022200356
0022100305
0022300185
0022100363
0022000259
0021800960
0022201191
0021900635
0021900529
0021900040
0022200119
0021700374
0021900439
0022200339
0022200032
0022000892
0022100589
0022000721
0022200549
0021700544
0022000911
0022100411
0021900315
0022100552
0021900235
0022200052
0022301176
0022000089
0021900907
0022300193
0022100759
0022200304
0022100610
0022000113
0022100660
0021900409
0021900716
0022200179
0021900399
0022100877
0021801056
0022000702
0022300100
0022100594
0022000005
0022000917
0022101152
0022101228
0022000496
0021800874
0022100263
0021800478
0022100773
0021800937
0022200034
0022301155
0021700236
0022200714
0021800527
0022200539
0021800845
0021900457
0022300806
0021700023
0021700259
0022100587
0021800254
0021800648
0022000436
0022000036
0021700562
0022000377
0022000248
0022101023
0021800149
0021700313
0021900273
0021900194
0022200020
0021900714
0021800930
0022200520
0021900059
0022300978
0021801068
0021700900
0022300121
0022200672
0022201195
0022300472
0021800574
0022100705
0022200218
0022300447
0021800864
0022101032
0021900440
0022000185
0021800020
0021900866
0022100388
0021800418
0022300669
0022100426
0021900267
0021700377
0022200635
0022101012
0021900622
0021700041
0022300843
0022200953
0022100454
0021900621
0022101221
0021700765
0021700945
0022300032
0022100674
0021801141
0022200078
0021700255
0021800992
0022201026
0022100929
0021900095
0022300667
0022300462
0022301142
0021900498
0021700960
0021900436
0022001059
0022000190
0021700930
0021900939
0022200758
0021701189
0021700011
0021700657
0022300874
0021901271
0021800917
0021801090
0021700652
0022101109
0022301195
0021900009
0022200018
0021800348
0022200552
0022300899
0021900085
0022200647
0022000530
0022200935
0022300712
0022000729
0022300757
0021801036
0022000671
0021800174
0022000492
0022000528
0021801193
0022000889
0021801199
0021900748
0022201104
0021701001
0021900326
0022301051
0021900897
0021800292
0022000175
0021900190
0022200703
0021800193
0021800001
0022200803
0022201189
0021900148
0021700045
0021900065
0022100177
0021900257
0022000666
0022000962
0022200920
0022300673
0021800480
0021900518
0021900201
0022000654
0021900482
0022100422
0022200056
0022101073
0022201123
0021800307
0022000362
0022300770
0022200076
0021800017
0021800336
0021800840
0022300612
0021900116
0022000150
0021700391
0022100887
0022000990
0022100151
0021800072
0022101118
0022200563
0021900819
0022000376
0021800369
0021800955
0021900786
0022100279
0022100913
0022200314
0021900093
0022000832
0021800363
0021800591
0021900725
0022200831
0021900504
0021800025
0022000695
0022201178
0022201120
0021801087
0021800713
0022000498
0022100312
0022101179
0021800912
0022300539
0021800449
0021800948
0022000285
0021700548
0022000391
0021900325
0022300950
0022300968
0021800064
0021700905
0022000452
0021700741
0022300379
0022100499
0022300401
0022201062
0021800103
0022300295
0021900363
0022200951
0022300432
0022100518
0021801064
0021800460
0021900701
0021800228
0021900887
0021900795
0022100966
0021801165
0021700084
0022200116
0022100070
0022300238
0021701112
0022000758
0021900834
0022200437
0021800873
0021800936
0021701101
0021700801
0021900425
0022200412
0022300441
0021700664
0022100452
0022000060
0022200253
0022000404
0022300933
0022101082
0021800509
0021900843
0022100865
0022100346
0021900233
0021800057
0022200936
0022300863
0021701218
0021900043
0022100116
0022200786
0022000443
0022300888
0022100827
0021700013
0022100285
0021800987
0022301099
0021801034
0022100651
0021800229
0022000478
0022100424
0022100332
0021900692
0022201047
0022000216
0022300496
0021800552
0022100916
0021900646
0021900734
0021800134
0022200306
0021900853
0021701068
0022000761
0021800252
0022100553
0022000734
0021701143
0021801179
0022200166
0022101136
0022300120
0022000470
0022100226
0021800681
0022300351
0021700117
0022200327
0021700219
0022200276
0022101107
0021700981
0021700634
0021801102
0022300525
0022300191
0022100269
0021700298
0022100514
0021900249
0022200759
0022101085
0021700838
0022000805
0022200347
0022200521
0022101097
0021800400
0021700294
0021800365
0022000138
0022000075
0022000263
0021900176
0022001055
0021700991
0022100952
0021800830
0022300149
0022301114
0021800463
0022000021
0022100704
0022300557
0021801143
0021700131
0022301076
0022300722
0022001014
0022000086
0021900798
0022200003
0022301110
0021800824
0021900154
0021900524
0022200101
0022100473
0022300382
0021700653
0021700405
0021900414
0021901311
0022300987
0021700009
0022200409
0022100441
0022100105
0022000582
0021800877
0022101211
0022000682
0021800833
0022000001
0022000659
0022000705
0021801230
0021800528
0021900370
0021900278
0022000007
0022301004
0022100876
0022000826
0021900433
0022200930
0021900606
0022000635
0021700336
0021700230
0022200700
0022000118
0022100414
0021900327
0022100176
0021800919
0022300363
0021900548
0021700279
0022000966
0022100710
0021700318
0021701111
0022201220
0021900149
0022300993
0021800739
0021801013
0021900167
0022000696
0022200892
0022000261
0022100397
0021700197
0021900744
0022101186
0021700747
0022300453
0021700579
0021700323
0022000533
0022200033
0022100752
0021700290
0022300292
0021800693
0022300956
0022201184
0022201052
0022300156
0022300080
0021900035
0022100607
0021900292
0022100011
0021700470
0022000984
0022200205
0022100504
0022100242
0022201035
0022200753
0021800222
0021700148
0021700220
0021800142
0022000003
0022301138
0021701162
0021801112
0022300290
0022200136
0021800297
0022100174
0022100693
0022300434
0022000920
0022201071
0021800822
0022100565
0021701177
0022000061
0022200030
0022100477
0022100430
0022100590
0022100448
0021901247
0022100313
0021801127
0022300137
0022001020
0021700146
0022300164
0021900835
0021900216
0022100962
0022000953
0021900827
0022200748
0022000115
0021901241
0021700880
0022300778
0021900111
0021900069
0022200840
0022100287
0021900864
0021900820
0022100641
0022301095
0022300665
0022100696
0022300534
0022200477
0022301211
0022100148
0022200801
0021900480
0021901260
0022200619
0021700484
0022200194
0022201031
0021900726
0021700701
0021700656
0022000748
0022200805
0022101024
0021800032
0022301058
0021800621
0022300803
0022200694
0021700953
0022100999
0021701129
0021800979
0022300014
0021900212
0021900737
0022100568
0022301169
0022200048
0022100435
0022200126
0021800910
0022100334
0022000214
0022301229
0022000025
0021700869
0021900624
0022100618
0021801142
0021700549
0022300680
0022100707
0022201115
0022000921
0021701106
0021700708
0022100926
0022200430
0021700403
0021800615
0022200461
0021800630
0022300792
0022000013
0021700687
0021800076
0021800244
0022300747
0021900472
0021800525
0022000342
0022201187
0022300377
0022300849
0022201194
0022200493
0022301025
0022200784
0022200210
0021800871
0022200245
0021700359
0022100649
0022201151
0021900263
0022300443
0021701202
0021900544
0021700541
0021700167
0021801052
0022000733
0022300780
0022100698
0022200396
0021801205
0021800437
0021800685
0021700787
0022000145
0022200446
0021900333
0022100153
0022300492
0022300838
0021800821
0022300678
0022300155
0022000871
0022300445
0021700097
0022200301
0022300054
0022300190
0021900553
0021700266
0022301217
0022300689
0022300705
0021700857
0021800729
0022200843
0022300358
0022300661
0022000251
0021700621
0021800730
0022101227
0021800207
0021800502
0022300957
0022000313
0022000912
0021900339
0021701136
0022201108
0021900871
0022000097
0022000776
0022000834
0022000986
0022000882
0022000463
0022100684
0021700509
0021700528
0021900474
0022100057
0022100624
0022300538
0022200302
0021900957
0022201140
0021700314
0022000071
0021901250
0021900918
0022101113
0022100622
0022300111
0022201095
0022000474
0021700199
0022200316
0021801119
0021800368
0021700813
0022300556
0022200755
0021800904
0022100505
0022000818
0022301003
0022100202
0021900244
0021900899
0022000121
0022201158
0021700644
0022101049
0021800126
0022100883
0022300703
0022300831
0021900579
0021700409
0022301121
0022201039
0021700157
0021900061
0021900641
0021700283
0022300021
0021900708
0022300030
0022000583
0021700557
0022200405
0022301128
0022300929
0022000526
0021700358
0022000507
0021900175
0021901273
0022000129
0021900910
0022200469
0022301154
0021801035
0021900091
0021700291
0022001079
0021900719
0021700998
0022000019
0022300695
0022300586
0021700519
0022300356
0021801183
0022300827
0021800113
0022300463
0022300170
0022300623
0022000833
0021700932
0021800218
0021800117
0021801040
0021900027
0022200503
0021700444
0021800706
0022101197
0021801182
0022201209
0021800084
0021700344
0022100156
0022301166
0022200187
0022200645
0021901257
0021701125
0021900747
0022300903
0022300854
0021800616
0021700021
0021800586
0022000275
0022200938
0021700670
0021800451
0021701152
0021700434
0021700124
0021701064
0021900023
0022100747
0022200192
0021900074
0021900607
0021700102
0021701097
0022300905
0022000038
0022100048
0021900879
0022200885
0022301207
0022100983
0021900462
0022201088
0022200445
0022300361
0021900885
0022000958
0022100545
0022100777
0022300711
0022300570
0022200664
0022300707
0021700879
0022000453
0022100450
0022101057
0022000820
0022100200
0021700087
0022300881
0021701165
0022000764
0022300979
0021801009
0021800168
0022300789
0022000434
0021900488
0021800364
0021700860
0021700771
0021800176
0021800274
0022201199
0021900010
0022200500
0021800231
0021900334
0022100889
0022200146
0022000364
0022200837
0022100971
0022001016
0022300759
0021800633
0021900516
0021900411
0022201086
0021700683
0021700583
0022200712
0022300368
0022000325
0021701208
0022200817
0022000330
0022000202
0021800510
0021801180
0021700192
0022100591
0022300962
0022100419
0022100356
0021800606
0021700569
0022300135
0021900782
0022101069
0022200120
0022200234
0022000047
0022000985
0022000916
0021700047
0022000303
0022200244
0021800011
0021800063
0021700186
0022300300
0021800696
0021800448
0021800247
0022000490
0022101142
0022201111
0021801027
0022300944
0022301216
0022001077
0022000722
0021800969
0021701077
0021800430
0021801181
0022000867
0022300701
0021800883
0022100134
0021900522
0021900541
0022200286
0022201202
0022100986
0022001064
0022300166
0021900826
0021700120
0022301089
0022100189
0022000963
0021900958
0022000928
0021801015
0022000503
0021900104
0021900367
0022101154
0022100360
0022100395
0022300410
0021800513
0021800901
0021800698
0022100239
0022101079
0021900195
0022000909
0022300194
0022101191
0022300285
0021700261
0022100079
0021801139
0021801049
0022200609
0021800230
0021801007
0022101208
0022000065
0022001040
0021900777
0021701049
0022000192
0022100076
0021900410
0022000540
0022000039
0021700107
0022101117
0022300762
0022300074
0022300900
0021700743
0022200184
0022201053
0022300662
0021700964
0021900870
0022201021
0021900878
0022100267
0022200724
0021700909
0021800377
0021800903
0022100234
0022100073
0021701091
0022100760
0021700056
0022200683
0021700944
0022000471
0022201001
0022100907
0022200617
0021800913
0021900930
0021701154
0021900497
0021700792
0021900109
0021900489
0021800705
0022100786
0022301163
0022200927
0022300029
0021900416
0021800055
0021800746
0021700150
0021800214
0021700493
0022100653
0022000824
0021900215
0022300346
0022300982
0022100960
0021900554
0021900096
0022301047
0021900129
0021800242
0022200564
0021900172
0021900612
0022101149
0021800516
0022000131
0022300352
0022300560
0021700752
0021900898
0021800531
0022301200
0021700018
0021901276
0021700182
0021900202
0022200878
0022200079
0021701190
0021800279
0021800566
0021700024
0022000128
0022100603
0021700612
0022101066
0022000723
0022300611
0021801201
0021800775
0021700690
0021800266
0022100331
0022100330
0021900079
0022101184
0022201059
0021800920
0021900652
0021700273
0022300248
0022000393
0021700564
0021800296
0021800298
0021800159
0022100900
0022201146
0021700742
0022301193
0022000816
0022200305
0022200204
0021700783
0022100024
0022300675
0021900391
0021700267
0022300578
0021700245
0021900347
0022200690
0022200715
0022300325
0021700918
0021900840
0022100563
0022000407
0021700512
0022100293
0022100994
0021900911
0022000564
0021700751
0021700646
0022100129
0021800718
0022000935
0022100215
0022101053
0021901255
0022300186
0021701059
0021700337
0022100099
0022000742
0022100264
0022000588
0022200874
0021800413
0021900102
0021800748
0022200455
0022000687
0022000057
0021701024
0022100606
0022300316
0022000365
0022301116
0021800846
0022100642
0021800976
0022100516
0022301012
0022100146
0021700335
0021700992
0022000529
0022201201
0022200454
0021901285
0021700737
0022300820
0022300802
0021800929
0022100808
0022000779
0022100655
0021801177
0022300760
0021800774
0021800736
0022300428
0022201205
0022100716
0021700618
0021900236
0022101177
0022100774
0022200505
0022300482
0022301223
0021800453
0021801191
0022200088
0021700848
0022301048
0022300097
0022200497
0021700931
0022000860
0022301031
0022300172
0022200482
0021700955
0021700550
0021900017
0022300932
0021900657
0021800205
0021900160
0022101068
0022100228
0022200354
0022000560
0022200585
0021800479
0021700350
0021900051
0022100322
0022000925
0021700555
0022100729
0021700966
0021700127
0022200100
0021800561
0021801110
0021800215
0021800646
0022300484
0021700390
0021801025
0021800490
0021800678
0021800268
0022200450
0021700387
0022300981
0021800710
0022300003
0021700658
0021800643
0021700609
0021700092
0021801003
0021900398
0022100768
0022300910
0022300176
0022300233
0022201068
0021700874
0021900960
0021801005
0022000627
0022001044
0022101034
0021800356
0022200865
0021900088
0022200713
0021800161
0021900247
0022101125
0022000316
0021701027
0021800556
0021700671
0021800143
0022200969
0022100049
0022300459
0022000056
0021900774
0022000369
0022000459
0022200849
0022200827
0021801173
0021900545
0022200579
0022100399
0022001066
0022300430
0022101219
0022200402
0022000094
0021700207
0021800755
0022100095
0021800803
0022101223
0022000939
0022100083
0021700626
0021700121
0022100210
0022200065
0022300151
0022200822
0022200167
0021700682
0022000174
0022300106
0022101183
0022200258
0022000253
0022200309
0022200929
0022300704
0021700239
0022101165
0022200723
0022200420
0022200736
0021900290
0021900266
0022300146
0021900207
0022200931
0021900505
0022100953
0022200733
0022300495
0021700065
0022001049
0022000301
0022001063
0021900560
0022100353
0022000379
0022200008
0022100784
0021900121
0022000724
0021701029
0021700451
0022300433
0022101194
0022300674
0021800338
0022100934
0022101120
0022100917
0021701114
0022100261
0022200855
0021700962
0021800909
0021800815
0021800269
0021701149
0022100405
0021900419
0021900002
0021900808
0022100811
0022200560
0021800302
0022200662
0021700943
0021700132
0021700997
0021800152
0022000804
0022300017
0022300299
0021800111
0021700461
0021800966
0022000307
0022300837
0021800538
0021901264
0022100002
0022300536
0022301087
0021801081
0022200228
0022200012
0022100575
0022200050
0021801105
0022200388
0021700284
0022000989
0022100657
0022300565
0021801217
0022000720
0022000142
0022300458
0022200334
0021900600
0022100559
0022300405
0022100686
0022200994
0022300390
0021900468
0022200787
0021800771
0022000029
0022300638
0021701217
0021801167
0022300649
0021900603
0022100018
0022200767
0021800047
0022200535
0021800796
0022201030
0021900441
0022300991
0021700993
0021900030
0021700748
0021700914
0022300095
0021700430
0022300288
0022100733
0021700876
0022100969
0022201213
0021700028
0021800060
0022101215
0021801128
0021700999
0021800412
0021800823
0022000676
0022000668
0021701139
0022100995
0022200543
0022100166
0022100508
0022100522
0021700274
0022300280
0022200637
0021700422
0022200567
0021800066
0021900180
0022000489
0022000970
0021900240
0022000645
0022000669
0022200722
0022000837
0022300397
0022300610
0022000982
0021800319
0021800498
0022300132
0021800751
0022200595
0021900526
0021900375
0022300114
0022300283
0022100569
0022000295
0022301113
0022200932
0022100694
0021700723
0022300984
0022300337
0021900689
0022200127
0021800128
0022000341
0022000630
0021800812
0021900097
0022201049
0022200277
0021701109
0021801224
0022200979
0022200708
0022200014
0021800225
0022000821
0022200200
0021701044
0022300589
0021700052
0021700090
0022000170
0022100562
0021700464
0022100869
0022200313
0021900904
0022100791
0021800647
0021700161
0022300670
0022200483
0022200007
0022000197
0022100104
0022200406
0022300723
0022300975
0022100601
0022200051
0021800359
0021800875
0021700540
0022200692
0021900868
0021700278
0022101108
0021701153
0022000083
0021801200
0022200676
0022300733
0022000975
0021700492
0021700481
0021800607
0021800797
0021900836
0022101095
0022200009
0021700744
0022300041
0022200211
0022000537
0021700826
0022201157
0021700559
0022300785
0022101195
0021800545
0022100886
0021900484
0022000232
0021700895
0022301179
0022201103
0021800213
0021900951
0022000707
0021800172
0022300816
0021800028
0022000943
0022100059
0021700446
0022100727
0022100738
0022300369
0021800679
0022301139
0021700740
0021700460
0021900115
0021801178
0021701188
0021700320
0021700088
0022000743
0022300043
0022200110
0022200809
0021800519
0021900709
0021700705
0022300571
0021900620
0022300483
0021900905
0021900841
0022300845
0022300400
0022300142
0022300209
0021700735
0022300488
0022200472
0021900718
0021900756
0022300479
0021800579
0022200291
0022000983
0021700083
0021800170
0022300545
0021800062
0021700465
0022000184
0022100062
0022201130
0022301097
0022001002
0022200479
0022200788
0021700416
0022101043
0021900598
0022300050
0021700032
0021900493
0021701199
0021900426
0022000770
0022100762
0022201156
0022301009
0021700710
0021900341
0022100816
0022200083
0022300061
0022100512
0022101188
0021701086
0021900073
0022000423
0021900141
0022300895
0021900231
0022000955
0021800232
0022101106
0022201204
0022200720
0022301174
0021900656
0022100520
0021801189
0022100775
0022300959
0021700328
0021800446
0022000809
0021800861
0022300709
0021800984
0021700228
0021700277
0021800454
0022000154
0021800440
0021800870
0022100715
0022301127
0022300942
0021700927
0022000371
0021800953
0021800477
0022000516
0021700447
0022000861
0022300740
0022201139
0022300790
0021801195
0021900352
0022300702
0022200718
0021900239
0022000714
0021900296
0021700935
0022200509
0022300810
0021900356
0022200622
0022101112
0022300856
0021700128
0021800683
0022000277
0021900423
0021900125
0021700959
0022300287
0022100695
0021800882
0022000959
0022100838
0022200011
0022100976
0021800304
0021801166
0021700560
0022300218
0021800694
0022100338
0021800655
0022000876
0022000130
0022200082
0022300892
0022000631
0022000973
0022200780
0021801187
0021700716
0022300157
0021800770
0021801082
0022301151
0021700341
0021900778
0022300686
0022201072
0021701122
0021900284
0022301057
0021700306
0021900158
0022300091
0022100008
0021801223
0022101198
0022300743
0022200566
0022301038
0021900303
0021700488
0021800492
0021900262
0022200130
0022100813
0022000580
0022000634
0021701048
0021900536
0021900173
0022200400
0022300851
0021700942
0021900787
0022000163
0021700819
0021700971
0021800618
0022200594
0022000679
0022100882
0021700169
0022100488
0022200744
0021800524
0021901243
0021801010
0021800622
0021800484
0022201063
0021800344
0022100035
0021700795
0022100492
0021700908
0022300070
0022101115
0021700645
0021800881
0021700205
0021900753
0022100195
0021900625
0022000109
0022100540
0021900135
0022200574
0021700215
0021700152
0021800773
0021700384
0021700800
0022300794
0021900915
0022100231
0022000904
0022000035
0022200186
0022101105
0021900473
0022201038
0022200145
0022201029
0022300764
0021800941
0021700305
0022000504
0021800896
0022100555
0022000691
0022300659
0022101093
0022200955
0022001072
0021800086
0021700160
0022100345
0021800529
0022200275
0021900651
0022300826
0022000238
0022300875
0022300763
0021700347
0022200284
0022301141
0021700865
0022300955
0022000732
0021800658
0022200967
0022101150
0022100457
0021900108
0022101047
0021700300
0022100316
0022300776
0022300908
0021700985
0022000661
0022000703
0021801091
0022100124
0022000290
0021700600
0022000304
0022300635
0022100527
0022300307
0022000673
0021900925
0021800100
0021700590
0021701023
0022200601
0021800673
0021700525
0021900685
0022300046
0022000286
0021700889
0022200650
0021800370
0022301185
0021700622
0022000952
0021701007
0021700311
0022201145
0021900896
0022100349
0022200580
0021700728
0021700506
0022101102
0022000099
0022100672
0021900913
0022100438
0021800115
0021700778
0021900790
0021700039
0021900064
0022301210
0022200047
0022300089
0021800021
0022200174
0022200605
0021900616
0022200682
0022100416
0021700789
0021800261
0021700265
0022000300
0022101209
0022200765
0022001041
0022101019
0022101172
0022200453
0022300732
0021800456
0022300896
0021900546
0021701212
0022000567
0022100464
0021700915
0022100728
0022101042
0022100314
0022000319
0022300490
0022300640
0022100298
0022301080
0021800224
0022200586
0021801093
0022000674
0021700450
0021700923
0022100819
0022000810
0021900961
0022000684
0022100418
0022000087
0022100598
0021700628
0022000942
0022200478
0021700098
0022301131
0022100181
0022001060
0022000538
0021800756
0022000618
0021901252
0021900760
0021700610
0021700034
0022000922
0021700676
0022000193
0021800956
0022300335
0022000910
0022100385
0021800185
0021900453
0021700206
0022201222
0022100191
0021700898
0021801070
0021801111
0022000968
0022000602
0022000340
0022100149
0022100921
0021800223
0022200666
0021700248
0022000497
0022300996
0021900528
0022000382
0022200134
0022301190
0022200480
0022100167
0021800212
0022200554
0021800742
0021700243
0021801114
0021701176
0021901296
0021900323
0022100052
0021700351
0022200180
0021800235
0022100788
0022000978
0022100212
0022200262
0021800494
0021701120
0022200345
0021900829
0021900503
0021900691
0021900467
0022300919
0021900954
0022000647
0022201185
0022200068
0022100933
0022000614
0022100615
0022200589
0022000607
0022100347
0022300886
0021800878
0021701083
0021900136
0021900659
0022000481
0022301173
0022300419
0021700070
0021800077
0021900415
0022101200
0022000037
0022001061
0021800074
0022000969
0021701005
0022300551
0021701204
0022201058
0021900451
0022000206
0022100429
0021800067
0022201121
0022201116
0022201153
0022300787
0022000563
0021701067
0022100837
0022200137
0021901289
0022000997
0021800105
0022000488
0021800766
0021801076
0022201150
0021800322
0021800263
0021700588
0022000574
0021900178
0021701075
0022000419
0021801170
0021900661
0022100835
0022300729
0021701220
0022300543
0022000468
0021700448
0021701222
0021801126
0021900168
0021700660
0021801164
0022200108
0022200098
0022001056
0021900583
0022300213
0021800073
0021800942
0021800940
0022100736
0022200022
0021800522
0022000103
0022201165
0022300133
0021901232
0022100307
0022100628
0021900021
0022000414
0022000979
0022201192
0021900800
0022200649
0021700225
0021700395
0022101201
0021700571
0021900532
0022000864
0022101015
0021700417
0022000863
0022000869
0022201050
0022100014
0022300385
0022000506
0022100691
0021700928
0021800227
0022100535
0022000923
0022101164
0021900762
0021900775
0021900225
0021700254
0022000799
0021801021
0022100328
0022100744
0022200665
0021700505
0022300641
0021800374
0022300252
0022100081
0021800583
0021700679
0021701050
0022101003
0021701185
0022300721
0022300805
0021800842
0021900146
0021800351
0022200459
0022000172
0021701040
0021800321
0021700639
0021900665
0022100407
0022000888
0022000930
0021700799
0021701225
0022200112
0021900810
0022000067
0022200352
0021900446
0021700780
0022000272
0022300943
0022300461
0021800518
0022300513
0022300138
0021700140
0021900784
0021800427
0021900455
0022300912
0022000390
0022101185
0021800353
0022200704
0022200162
0021800197
0022300442
0022300566
0021800441
0022000028
0022000237
0021800323
0021900837
0021800959
0021900761
0022300829
0022100912
0022300306
0022301062
0021800781
0021900165
0022100517
0021900078
0021800825
0021900927
0021700246
0021700849
0022001005
0021900932
0022100893
0021700106
0021900052
0022000456
0022100783
0021900591
0021900227
0022000213
0022200350
0021801084
0021700066
0022100406
0021700399
0021900495
0021700428
0022301020
0022301184
0022200251
0021800567
0022300002
0021700244
0021700694
0022100357
0022300864
0021700412
0022100350
0022100400
0022000587
0021800817
0022200415
0021700967
0022201067
0022101168
0021700852
0022100170
0022100927
0021700702
0022200942
0022301000
0022101160
0022300393
0022300075
0022100753
0022100712
0021900011
0022200230
0021700468
0021800202
0021800347
0022001045
0022300593
0021901234
0021900886
0022100557
0021900204
0022300199
0021700331
0022300965
0022200144
0022301094
0022000857
0021800844
0021700209
0022300081
0021801153
0021700122
0022000458
0022200743
0022301182
0022101173
0022000680
0022200677
0021700317
0022000678
0021700345
0021900394
0021900005
0021700085
0022300309
0022300318
0021800157
0021701156
0021800700
0022101030
0021700078
0021700292
0021700617
0022200256
0021700717
0022201069
0021800270
0021901286
0021900268
0022200036
0021700080
0021900099
0022300710
0022000398
0022200910
0022000965
0021900912
0022200732
0021800114
0022301035
0022000101
0022000279
0022100537
0021900706
0021700578
0022001033
0022100359
0022100975
0022100500
0022100209
0021900794
0022200612
0022000819
0022000346
0021700939
0022301203
0022101035
0021800195
0022000348
0022201147
0022300744
0021700329
0021900609
0022000351
0022000015
0022200475
0022301002
0021700342
0022000077
0022000623
0022000200
0022300134
0022100722
0022300555
0022000815
0022200516
0022200582
0022301061
0022301145
0021700709
0022100639
0022000730
0021700925
0022200202
0022100442
0022000522
0022101088
0021700577
0022300997
0021800596
0022300992
0022300242
0022100815
0022300391
0021700563
0022101213
0022200102
0021800438
0022301124
0021700986
0021800061
0022300954
0022000511
0022000345
0021700669
0021700397
0021900145
0021700496
0022200771
0022200073
0022301148
0022200390
0022200024
0022300923
0022200382
0022200986
0022101101
0022300386
0022101058
0022301172
0022100162
0022301112
0022000235
0022100564
0022300197
0022300751
0021800725
0022200886
0022300083
0022000689
0021801176
0021800362
0022300013
0022300882
0022100626
0022300417
0021900852
0022200359
0021900313
0021701094
0022100646
0021900279
0022000155
0022300188
0021700837
0022300753
0021800393
0022000165
0022101122
0022100858
0021900184
0022101126
0022000517
0021900909
0021700413
0022100223
0022200610
0021800659
0022301209
0021800891
0021900936
0022301050
0021800848
0021700217
0022100249
0021800735
0021700699
0022000866
0021700830
0022200386
0022000915
0021700818
0022101145
0022000199
0021900605
0022200806
0022000384
0021800626
0021700074
0021900034
0022000690
0022201016
0022300266
0021700297
0022000333
0022100795
0022200348
0021900031
0022200976
0022200346
0021800981
0021900112
0021901310
0022000793
0022000466
0022301140
0022200149
0022300422
0022200808
0021900406
0021701200
0022300230
0021700108
0021900727
0022100112
0022100866
0022200858
0022300480
0021700899
0022300890
0022300338
0021900431
0021700623
0021800938
0021800656
0022000675
0021900450
0021901236
0021700956
0021800801
0022201102
0021900397
0022200879
0022000148
0022100241
0022000549
0021701039
0021701108
0022101207
0022200413
0022200616
0021800179
0022200195
0021800476
0022101222
0022000230
0022100193
0022000381
0022101031
0021800280
0022300375
0022100396
0021700100
0021700437
0022000586
0022000204
0021800375
0022200807
0021700442
0021801053
0021800866
0022300853
0021800092
0022000817
0022000385
0022100389
0021700770
0021900443
0022000735
0022100840
0022000416
0022000566
0022300174
0021900802
0021800135
0021801113
0021800619
0022300835
0022300652
0021900682
0022100920
0022301037
0021800958
0022000662
0021800131
0022200335
0021900745
0021900283
0022200814
0021900629
0021900928
0021701041
0022200431
0022101027
0022300388
0021800342
0021800661
0021801041
0021800880
0022000746
0021800617
0022200498
0022300313
0022000410
0022300927
0021800943
0022300340
0021700534
0022200614
0022200360
0021800860
0021900466
0022100794
0022300791
0021800399
0022200599
0022300068
0022300271
0022001042
0021700946
0021900076
0022000395
0022000095
0022000372
0022100221
0021700547
0021700338
0021701130
0022101190
0021700382
0021800209
0021900593
0021801088
0021900561
0022200485
0022000411
0022300915
0021700756
0022000347
0021701170
0021900608
0022200169
0021700731
0021800339
0022200150
0021900660
0022301043
0021800310
0022300738
0022301228
0022300047
0021800182
0022200628
0022200422
0022100358
0021801057
0022100108
0022000349
0021900246
0022200685
0022200590
0021700858
0022100044
0022000844
0022001004
0022100863
0022100996
0022301085
0021800741
0021900700
0022001022
0021800972
0022000274
0022200499
0022300559
0021800501
0022000557
0022100254
0022301105
0022200196
0021900047
0021701180
0022101045
0022101175
0021900376
0022200596
0021900914
0022000408
0022101038
0021700425
0022200576
0022200227
0022200448
0022300519
0021800652
0022300734
0021801184
0021700495
0021800573
0022201036
0021701061
0022100663
0022000447
0021800963
0021900520
0022100163
0022100296
0022300165
0022000643
0021800541
0021900300
0022300205
0021900690
0022200071
0022000217
0021701034
0021800733
0022000014
0021900256
0022300934
0022100045
0022000717
0022200952
0022101063
0021700490
0021800921
0021800584
0021701035
0021901308
0022100619
0021700810
0022100640
0022200025
0021801004
0022300457
0021801016
0022000359
0022200636
0022000256
0022200871
0022200147
0021701017
0021701085
0021700142
0022200856
0022201211
0021700949
0021900362
0022000803
0022100113
0021900452
0021900127
0022200367
0022300384
0021700606
0021700568
0021900475
0022201007
0021900792
0022200124
0022200293
0022301189
0022300866
0022301123
0022300020
0021801172
0022100554
0022300948
0022200353
0021700272
0021800637
0021900389
0021800651
0021901291
0021800491
0022000483
0022201168
0022100252
0022100137
0021700892
0021700402
0021801099
0022000756
0021800337
0021900626
0022200208
0022200269
0022200987
0021800426
0022201045
0022301214
0021800305
0022200394
0022300917
0022300501
0021700973
0022200370
0021800389
0022000125
0021900640
0021701203
0022200702
0022200841
0022200372
0021800381
0022100961
0022000788
0022000152
0021900604
0022100561
0021900254
0022100661
0022200428
0022000431
0021700926
0021900383
0021700483
0022000063
0022200310
0022100501
0021801011
0022300322
0021901266
0021900001
0021900741
0021700533
0022300591
0022000800
0022301001
0022300904
0022200988
0022101008
0022300935
0021800482
0021900139
0022000829
0022000017
0021800499
0021800196
0021800465
0022100829
0021800030
0022200693
0022300967
0022300939
0021900478
0021900152
0021701151
0022200436
0022101072
0022300737
0022200393
0021800165
0022000836
0022200707
0021900602
0022100809
0022000042
0022100972
0021800458
0022301137
0022000401
0022300808
0021900733
0022300175
0021700307
0022200644
0021800872
0022000934
0022000324
0022200924
0021900042
0021800562
0021900162
0021900422
0022100910
0021900860
0022000054
0022200991
0022000649
0022200089
0022300815
0022200944
0022300182
0022000162
0021700839
0021700439
0021800475
0022100987
0022201003
0022200094
0022000775
0022101039
0021900185
0022000339
0022300814
0022201126
0021800102
0021701031
0022201070
0022101089
0021701186
0022300799
0022300357
0021900164
0022100922
0022000068
0022000397
0022100847
0022100595
0022300076
0021900793
0021800660
0022000018
0021800299
0021700911
0021800002
0022200740
0022200518
0022000354
0022300243
0021900037
0022200355
0022200964
0022301180
0022200255
0021801148
0022300198
0022200526
0022200080
0021800013
0021800611
0022200604
0021700713
0021701137
0021700330
0021800314
0021900630
0022200132
0022200815
0022000201
0022000954
0022100832
0022200671
0021801147
0022300323
0022000879
0022000446
0022100291
0022300972
0022100855
0021700515
0022300342
0022300494
0022300817
0022100320
0021800703
0021800075
0022100329
0021900666
0022100631
0022200943
0022101203
0022000188
0021700452
0021700346
0022000792
0021901272
0021800802
0022201101
0022300116
0022201190
0021700864
0021800627
0022000315
0021700745
0021900378
0022001025
0021801026
0022201223
0021801204
0021701096
0022300783
0022100371
0021800096
0021700373
0021900844
0021801050
0021800386
0022200751
0021900764
0022000380
0021701100
0022300503
0022300103
0021800578
0022101064
0022200152
0022300001
0022000572
0021900671
0022100168
0021700696
0022100463
0022000403
0022300775
0022201118
0022200993
0022300353
0022301132
0022201214
0022300082
0022100699
0021900442
0022000460
0022300798
0022000849
0022300998
0021900549
0022100959
0021700782
0022001048
0022101123
0021800849
0022100187
0021700334
0022100321
0022100726
0021901256
0021900124
0022100778
0021700223
0021800155
0022101002
0022301022
0021900669
0021700604
0022000052
0022100152
0022100436
0021801208
0022200061
0022100379
0022300869
0022200257
0021900858
0022000023
0021700281
0022200004
0022101090
0022300736
0022000020
0021900805
0022000898
0021900931
0021900962
0022200487
0022200551
0021800151
0021800557
0021800211
0021900855
0022301065
0022000848
0022000897
0022200399
0022200716
0022201000
0021700231
0022000080
0022300389
0022200956
0022200674
0021800744
0021700520
0021700948
0021900186
0022000284
0021800138
0021800431
0022200643
0021900926
0022100158
0021901307
0022100021
0022000693
0022100713
0021800839
0021901293
0022000225
0021800048
0022300227
0021800721
0022300183
0022100125
0021901278
0021800927
0021700308
0022000881
0022100150
0022301108
0021801154
0021900336
0022200971
0022000254
0022100088
0021800248
0021700116
0021900281
0022100938
0022000417
0022100806
0021700616
0021801213
0021900026
0022300469
0021900547
0022000900
0022300296
0021900302
0021700514
0021900952
0022200555
0021900854
0022300424
0022200706
0022300192
0022201089
0021900057
0022200442
0021900307
0021800394
0022100308
0022300599
0022300840
0022300167
0021900742
0022100793
0022200443
0021701063
0022300073
0021800738
0022200213
0022000509
0022000055
0022301157
0022000281
0021700980
0021700086
0021800978
0022200117
0021800383
0022200496
0021900815
0021900502
0022300607
0022301161
0022100879
0022200092
0022100427
0022000312
0021700312
0022100878
0021800967
0022100373
0022200775
0021700159
0022000624
0021800750
0022000875
0022000360
0022300922
0022300782
0021900667
0022301135
0021700007
0021700916
0022000221
0022200058
0021701042
0022101169
0021900245
0022200798
0022000024
0021700831
0021800603
0022100240
0022300573
0022100761
0021701210
0022100136
0022100255
0021700181
0021800472
0022100567
0021800946
0022301177
0021800826
0022100954
0021800183
0022200421
0022300229
0022201166
0022300084
0022300304
0021900574
0022201113
0022100273
0022100409
0022200175
0022100643
0022301007
0022300960
0021801161
0022100251
0022300364
0022000289
0022100841
0021700171
0021700714
0021800676
0022200231
0022300583
0021900566
0021800467
0022300692
0022200949
0022300821
0022200142
0021900117
0022100115
0021800015
0021900900
0022100604
0022000980
0022000787
0022200207
0021801039
0021800657
0021900494
0022000719
0022100719
0021900008
0021700022
0022300171
0021800401
0021800869
0022000894
0021901294
0022200678
0022201064
0022100480
0022100038
0021800731
0022000334
0022201177
0022201054
0022200764
0022200154
0022300918
0021800704
0022000441
0022100030
0022100050
0022100623
0021701166
0021900277
0021700834
0022100845
0022200495
0022201076
0022100084
0022100723
0022200925
0022000663
0022201019
0021900400
0022200797
0021800099
0022000043
0021801118
0022200512
0022300107
0022100009
0022200562
0022200940
0022000636
0021800281
0021901299
0021900003
0022000151
0021900392
0022000070
0022100584
0022200793
0022300544
0022200533
0022200830
0021800178
0022100968
0021700144
0021900511
0022000578
0022200223
0021900973
0022000050
0022000445
0022300839
0022100936
0022200785
0021800444
0021900675
0021801134
0021700375
0021701175
0022200970
0021900114
0022200847
0021700685
0021701022
0022301225
0021800985
0021700365
0022201167
0022000437
0021700835
0022200464
0022200618
0021900280
0022300575
0022301188
0021900210
0022301011
0022300006
0022300656
0022300012
0022200699
0021701015
0021801162
0022001018
0022100456
0021800911
0021900891
0022301187
0022100233
0021900894
0021900533
0022200219
0021801212
0022300700
0022100925
0021900508
0021700919
0021900150
0022300326
0021700686
0022000011
0021800599
0021700875
0022201210
0022200876
0021800122
0022000851
0021700393
0022100072
0021800406
0022000552
0022201218
0021700761
0022300867
0022200553
0021700779
0022300394
0021900269
0021800203
0021900956
0022100178
0022300876
0021700573
0022200103
0022000991
0022000550
0021700302
0022000704
0022300324
0022300510
0022000617
0022200466
0021801121
0022200242
0022101230
0022101128
0021800040
0022301088
0022200337
0022000305
0022000585
0022201051
0022200087
0021900335
0021900772
0021700293
0022101199
0022101166
0022100204
0022300613
0022100630
0022300145
0021800535
0021900684
0022300189
0021900713
0022001071
0022300624
0021700105
0022000542
0022200341
0022101151
0022100431
0022200506
0021700572
0022200023
0022000642
0022200947
0022201171
0022000932
0022301067
0021800199
0022100114
0022200366
0021700655
0021701141
0021700974
0022300549
0021800291
0022300124
0022200960
0021700613
0021900230
0021900424
0021900884
0022100979
0022200898
0021900332
0022200638
0021900169
0022000338
0021700758
0022000951
0021900848
0021800089
0022100367
0022200039
0022000139
0022100495
0021800388
0021800382
0022000467
0022100065
0022300208
0021900699
0022201175
0021900578
0022300772
0022200222
0021900014
0022101226
0021800420
0022100874
0021900205
0021800033
0021700234
0022200548
0021701135
0021700524
0022000298
0022101178
0022200709
0021800686
0022000268
0021701219
0021800495
0021800588
0021801209
0022201017
0021700518
0021800469
0022301204
0022100627
0022100662
0022100757
0022300387
0022200374
0021700076
0022000355
0021701215
0022100937
0021901298
0022100851
0022300232
0022100284
0022000048
0022200776
0022000291
0021900445
0022100650
0022100769
0022100485
0022101010
0021800094
0021900197
0022300558
0021700410
0022200750
0022000271
0021800780
0021900271
0021800515
0021700733
0021800957
0022200054
0022200330
0022300093
0021800530
0022000648
0022200005
0021700866
0021700712
0022000548
0021700631
0021700002
0022200752
0021800253
0021701021
0021900461
0022000608
0021900571
0022100871
0021800853
0022301219
0022000412
0021700570
0022000523
0022100714
0022100297
0021800006
0021700536
0021800088
0021700268
0022000718
0021901248
0022200587
0022301090
0021900940
0022000033
0022300989
0021800517
0021801130
0021700138
0021900259
0021800568
0022000177
0021900289
0021900105
0022100256
0021800950
0021900687
0021900619
0022200608
0022201008
0021900512
0022200283
0022101210
0022200541
0022100025
0021700060
0022300523
0021700343
0021800924
0022100676
0022000738
0022300877
0021700674
0022201075
0021700855
0021700827
0022301077
0022100543
0022100110
0021700561
0022200086
0022300974
0021900892
0022100991
0022000599
0022300584
0021700754
0022201011
0022200029
0022300491
0021800580
0021900573
0021800631
0021900575
0022300568
0021700640
0022200290
0021701036
0021800949
0022000974
0022200561
0021800526
0021900015
0021900128
0021800597
0022000314
0021900355
0021900851
0021800139
0022300572
0021800233
0021800665
0022100135
0022000366
0021800595
0021900643
0022101017
0021901304
0021700235
0021700805
0022300007
0022000763
0021900683
0022300234
0021700325
0021800308
0022200896
0022101006
0021700366
0021700625
0022300647
0021700904
0021900806
0021900500
0021800723
0022100265
0022300504
0022200626
0021701214
0021700319
0022100390
0022100820
0022300629
0021900577
0022000987
0022101070
0022200062
0022300475
0021700257
0021800508
0021700008
0021700075
0022301074
0022000883
0021900388
0021801159
0022101143
0021800300
0022000088
0021700401
0021900859
0022301092
0022200547
0021800082
0022300371
0021900799
0021801020
0022300949
0022300024
0022000062
0022300403
0022000045
0022300953
0021700554
0021801085
0022200810
0022300113
0022000110
0021900048
0021701038
0022200002
0021700489
0022000559
0022200510
0021901297
0021800273
0022000126
0022101218
0021801065
0022000309
0021800593
0022200099
0022000405
0022300804
0021900050
0021700494
0021701164
0022000502
0021700010
0021700673
0021700111
0022100333
0021900803
0022100459
0021801097
0022001052
0022101146
0022300210
0022100201
0021800666
0022200508
0021801054
0021701000
0022000085
0022301018
0021800857
0022000753
0022100199
0022000012
0021700184
0022200667
0021700672
0021800995
0021800983
0021900090
0022100946
0021900098
0022001068
0021800539
0021900769
0021701158
0022101204
0022100361
0022100172
0022100617
0022201180
0022100041
0021900306
0021800457
0021700125
0021900876
0021800858
0021700170
0021800719
0021700280
0022300010
0022000830
0022200754
0022200872
0022300015
0022301175
0021800271
0022300626
0021800939
0021701128
0022200629
0022000713
0022101134
0021700162
0021700467
0022300269
0021800820
0021800043
0022300928
0022200215
0022200514
0022101139
0021700081
0022200663
0022201196
0021700516
0021700188
0022100745
0022100614
0022201161
0021700372
0021900483
0022100857
0022300187
0021900847
0022000579
0021701008
0021801022
0021801137
0022000350
0022100739
0022300699
0021700718
0022100121
0022300628
0022301147
0022100229
0021800341
0021900463
0021800600
0022100283
0022301133
0021900242
0022300297
0021700543
0021800258
0022300454
0021700933
0021900738
0022000556
0021700784
0021700996
0021700381
0021700270
0021800625
0022301059
0022200373
0022100401
0021800241
0022000394
0021700203
0022100138
0021800548
0021801107
0022200351
0022200974
0022300708
0022300473
0021701098
0022201014
0022200460
0022100484
0022100978
0021900869
0022100703
0022100306
0021900033
0022100271
0021800792
0021900613
0022300223
0022300801
0021900238
0022100750
0022100534
0022301159
0021800926
0022200481
0021900730
0021900413
0022200312
0021700913
0022100410
0021800829
0021701011
0021800677
0022300529
0022200121
0022300246
0021701009
0022000591
0022000182
0021700408
0022101127
0022201208
0022100942
0022300284
0021900343
0022200766
0022300963
0022000388
0021800973
0022101103
0022100268
0022100451
0022201207
0022100384
0022300040
0021700863
0022300580
0022000051
0022000420
0022101153
0022000603
0022000798
0022200371
0022000269
0021900804
0021700753
0021900732
0022000884
0022301083
0021700798
0022300657
0022200864
0022000877
0022300276
0021700890
0021900723
0022100444
0021800286
0022300499
0022300632
0021901284
0021800520
0022001001
0022100940
0022100382
0021700376
0021900969
0022201012
0021901253
0021800129
0022200490
0022300153
0022000494
0021700183
0021700035
0022200292
0021700885
0022000046
0022200705
0022300511
0021800918
0022100746
0022200365
0021700208
0022100570
0022000749
0021900971
0022100997
0021700478
0021701140
0022301032
0021900217
0022100207
0021700727
0021801120
0022001003
0022000823
0022000913
0022100776
0022101196
0022300315
0021800473
0021800417
0022200411
0022001065
0022100814
0022100061
0022300310
0021800761
0021700031
0022200439
0021900311
0021701057
0021700637
0022300631
0021900789
0021801115
0021800262
0021901313
0021900765
0022100006
0022001046
0022001062
0022000941
0022300698
0021700502
0022301101
0021700539
0021700130
0021900348
0021900054
0021700202
0022200221
0021800511
0021800272
0022100090
0022200418
0022000426
0022000433
0022000469
0021700339
0022100652
0022100020
0021801207
0022100526
0022200444
0021800285
0022201136
0021800763
0022000616
0021700501
0021700970
0021700424
0021900649
0022201163
0021800429
0021800180
0021800277
0022100963
0021700693
0021900412
0021800238
0021800432
0021800083
0022100542
0021700750
0021701191
0021900755
0022300118
0022100787
0021700940
0022100992
0022000246
0022001015
0021900012
0021700364
0021901292
0021800349
0022200958
0022200655
0021700729
0022300755
0022300690
0021700576
0022100919
0022100908
0022300486
0021800237
0022300585
0022000960
0022000584
0021800372
0021800371
0022100574
0021700829
0022100683
0021800167
0021900155
0021700069
0021801078
0022100560
0022000961
0021800638
0022200015
0022000367
0022000247
0021800554
0022200735
0022300873
0021700636
0021901287
0021700046
0022300687
0022100087
0022200404
0022200698
0021800293
0022100860
0022000117
0021900711
0022201227
0022000022
0021800315
0022200140
0021700961
0022201005
0022000701
0021800641
0021801146
0021900881
0021800108
0021900458
0021800982
0022000927
0022300807
0022300921
0021901309
0021900361
0021900357
0021700736
0021900060
0022201078
0022300279
0022301052
0021801225
0022000476
0021700252
0021800358
0022301230
0022000931
0021800889
0022101022
0021900521
0022300901
0021800620
0021900491
0022300748
0021800474
0022100119
0022100447
0022200486
0022301078
0022000361
0021900192
0022201217
0021700584
0021900427
0022200349
0022200040
0021900287
0021900444
0022200379
0022301118
0022200423
0022101074
0021700296
0022101174
0022000146
0022100849
0022200812
0022201137
0022200315
0022201079
0021800470
0021800019
0022300515
0022200432
0022301130
0022000292
0021800217
0022100387
0021800069
0021900080
0021900264
0021701196
0021800312
0022100717
0022100069
0022000777
0022201148
0022300994
0021800851
0021800327
0021900938
0022000451
0022301072
0022100300
0021800198
0021700415
0021900825
0021800800
0021800288
0022100870
0022200710
0021700844
0022301021
0021900965
0022100861
0022301008
0022200832
0021801060
0021700101
0022200923
0022300298
0022000765
0021800776
0022100180
0021900143
0021801048
0022100443
0021800487
0022000183
0021700471
0022300329
0022000102
0022200842
0021800653
0022000895
0022200783
0022300724
0021900770
0022201107
0022000755
0021700166
0022100842
0022100741
0022000998
0022000278
0021900559
0022200484
0022000571
0021701133
0022301030
0021800311
0021701110
0021900695
0021900550
0022300455
0022000258
0022200821
0021800352
0021900351
0022000282
0022101182
0022000266
0022100337
0022100635
0021800107
0022201176
0022301041
0022101162
0022300067
0022200468
0021800576
0022200669
0021700614
0022100111
0022000454
0022000638
0021700355
0021900679
0022100066
0022201044
0022200084
0022200945
0022200318
0022300027
0022100043
0022200873
0022200681
0022200463
0021700806
0021800443
0021900390
0022200517
0021800837
0021700295
0021700952
0021800226
0022301146
0022200989
0022100659
0021900822
0022000137
0022200458
0021700441
0022100474
0022200756
0022100670
0021700139
0021900340
0022201226
0021701090
0022000484
0022300742
0022200592
0021700420
0021800663
0022100482
0022300143
0022200229
0022300552
0022200919
0022000581
0022000605
0022000711
0022200157
0022300140
0022100756
0021900120
0021800148
0021900757
0022300548
0022301096
0021900024
0021700823
0021801109
0022100805
0021800166
0022200449
0021900243
0022200802
0022000808
0021800387
0021800121
0022300274
0021900430
0021900101
0022300123
0022300679
0021700173
0022300202
0022300470
0021800210
0021701168
0022100612
0021701006
0022000105
0021700759
0022300256
0021700988
0022000329
0021700859
0022300522
0021800343
0022100503
0021800434
0022301198
0022101158
0022300812
0021900653
0022001017
0021900132
0021700531
0022000461
0022200813
0022100370
0021701052
0022300365
0022100800
0022101163
0021900959
0022100289
0021900771
0021701104
0022000098
0021800118
0022301033
0021800551
0022000444
0022300420
0021700079
0022200913
0021900783
0022200790
0021700760
0022100157
0021800186
0022301119
0022200777
0022300590
0022101004
0022000156
0021900142
0022200588
0022300627
0022001075
0021700698
0021700114
0022100476
0021900970
0021700431
0021900342
0022000331
0022000373
0022000606
0022200811
0021701087
0021801079
0021900345
0021800760
0022200557
0021801135
0022300468
0022200250
0021700891
0022300478
0021901244
0021901262
0022300367
0021801171
0021900966
0021900587
0021800650
0021700537
0022200471
0021800669
0022301069
0022200494
0022000841
0021900856
0022100549
0021900857
0021900481
0021700237
0022200027
0022101076
0021700912
0021900594
0022300211
0021700204
0021800068
0021800306
0021900628
0022300077
0021700788
0022300031
0022200501
0022200363
0021900140
0022300946
0021900131
0021800898
0021800668
0022000725
0021700651
0021700091
0022200891
0021700989
0021900539
0022200591
0021700466
0022000650
0021700816
0021900477
0022100439
0022300768
0022201015
0021800409
0021900045
0021700067
0022100939
0021701159
0022200761
0022000807
0022100690
0022000429
0021700556
0021701004
0022200093
0021900644
0022001070
0021900309
0021700485
0021700725
0021701201
0021800346
0021900293
0021700586
0022001078
0022300616
0022100629
0022201219
0022000874
0021900895
0022301208
0022200652
0022300033
0021801080
0021800500
0021800410
0022300440
0021700048
0022100173
0022300671
0022100235
0021900950
0022100031
0021700388
0022300852
0022200111
0021800743
0021800029
0022100489
0021800125
0022100085
0022300947
0021700137
0022201206
0022300966
0022000728
0021900705
0021800424
0021900645
0021800604
0022200338
0021700487
0022000008
0022200181
0021900501
0021800014
0022200362
0021700469
0022200191
0021800357
0021900750
0021700176
0022200648
0022300117
0021801196
0022100780
0021900514
0022100583
0021800667
0021900563
0021900006
0022200782
0021800886
0022300683
0021700615
0022101114
0022200749
0022300220
0021900917
0022000868
0021700352
0022300636
0022000759
0022300961
0021900947
0022100798
0021701012
0021701223
0022200642
0022100171
0021800267
0022101056
0021700389
0021900833
0022100460
0022300887
0022100336
0021900465
0021700941
0022000477
0022000069
0021900581
0021801077
0021800772
0022300195
0022200155
0021900569
0021700734
0021700807
0021700109
0021901238
0021900222
0021701073
0022100892
0022100625
0021700722
0021801046
0022101212
0021700510
0022200041
0022300471
0022000827
0021900056
0022200851
0021700218
0022300022
0022101131
0022101229
0021700158
0021900106
0022300985
0022101029
0022000430
0022200895
0021800355
0022300653
0022100638
0021900191
0021800127
0022200168
0022001019
0021900393
0022000040
0022100914
0022000641
0021800350
0022100238
0022201065
0022300824
0022100511
0021700995
0021800392
0021800276
0022200035
0022200247
0022300859
0022200836
0022301079
0021900170
0021700842
0022100888
0021800944
0022301156
0022300498
0022101192
0021800468
0022301183
0022000427
0022100408
0022300465
0021900038
0022000107
0022300970
0022001076
0022300096
0021700601
0022100678
0022101033
0021700850
0022000141
0022300312
0022100990
0021700227
0021900922
0021900405
0021800623
0022200772
0021700149
0021900664
0022100272
0022300870
0022300756
0021700917
0021700906
0022100218
0022300308
0021800916
0022200816
0022000658
0022300741
0022200890
0021800971
0022300023
0022300916
0022200378
0022200199
0022000845
0022200203
0022000685
0022200066
0022000716
0022201212
0021700380
0022201025
0021900681
0022000302
0022300215
0021800804
0022000215
0022100247
0022200159
0022100327
0021900766
0022001011
0021700030
0022200719
0022200862
0022000715
0022300977
0022300231
0022200368
0021700776
0021800841
0022000389
0022200973
0021900534
0021700882
0022300871
0022100764
0021900228
0022200343
0022300569
0021900572
0022000368
0022300219
0021900119
0022300898
0021700757
0021801131
0021800428
0022000751
0022100039
0021700597
0021800691
0022000135
0021700703
0021700151
0021900490
0021700589
0021800601
0022000890
0021800403
0022300617
0022100182
0021900219
0022101055
0022300518
0022000229
0022200017
0022000294
0021900344
0021800521
0022000164
0022301150
0022300524
0022200583
0021701179
0022300057
0022300605
0022200625
0022000327
0021900797
0022100376
0022300604
0021900941
0021700155
0022100068
0022000551
0022300936
0021801066
0021900781
0022101020
0021800749
0021800816
0021700304
0022300282
0022200264
0021900255
0022100688
0022100810
0021700212
0021901269
0022100751
0021700185
0022100973
0022100462
0021801017
0021800026
0022301017
0021800220
0022100491
0021800565
0022000116
0021700808
0022100131
0022000795
0022100301
0022300885
0021900592
0021701197
0021800831
0022100803
0022200274
0021900698
0022300872
0022100509
0022300162
0021900595
0022200691
0021900252
0022100355
0022300769
0021800181
0022300532
0022000168
0022000576
0022000149
0022301178
0022200381
0022300941
0022100383
0022301093
0022300969
0022300889
0022000785
0022300564
0021700406
0022200170
0021901306
0021800805
0022200489
0022000918
0022100317
0021700803
0022100550
0022300336
0021700619
0022300294
0021800715
0022200875
0022000041
0021701092
0022100141
0021900248
0021700950
0022200135
0021700990
0021700872
0021900889
0022100324
0022100377
0021800865
0022100850
0022100164
0022101021
0021700392
0021800504
0022100702
0022201188
0022000796
0022200320
0021901282
0022001034
0022100027
0022100854
0021700163
0021901261
0022000260
0021800398
0022101087
0021701227
0022300497
0021801157
0021700103
0021900250
0021900597
0022000774
0021900570
0022000781
0021900110
0022300429
0022301136
0021700853
0021700809
0022100453
0021900611
0021801125
0022200358
0021900407
0022000885
0021801030
0021800257
0021800373
0021800169
0022200391
0021801122
0021800050
0021900368
0022200902
0022100213
0021700958
0021900071
0021901251
0022101132
0021701033
0022100236
0022200241
0021800447
0021800158
0021701145
0022201128
0022100524
0021701014
0022300911
0021700635
0021900615
0021901312
0022100051
0021900454
0022200440
0022300924
0021700504
0022201135
0022001039
0021800361
0021900209
0021800699
0022301054
0021700755
0021900862
0021800164
0021800945
0022300909
0022101046
0021900153
0022300745
0021700903
0021900385
0022000847
0022201032
0021700814
0021700175
0021801058
0022200178
0022300819
0022000306
0021701054
0021701016
0021800345
0022000409
0022200311
0021700767
0022300035
0022300090
0022200633
0022300104
0022100528
0021700868
0022000049
0022200193
0022300253
0022200172
0022300797
0021700282
0022001032
0022000677
0022300255
0022201144
0021900739
0021700648
0021701221
0021800779
0022300064
0022201098
0021800716
0022100828
0021700762
0021700055
0022000406
0021700187
0022301019
0021800171
0021900448
0022300650
0022100075
0022200298
0022000736
0022000525
0022200537
0021700141
0021700005
0022200623
0021700746
0022000243
0022201152
0022100100
0022100220
0022100467
0021800827
0022200917
0021700126
0021700497
0022300541
0022100721
0022200838
0022000053
0022300088
0021701013
0022200656
0021700438
0022300771
0022000079
0021800813
0022000499
0021900310
0022100280
0021700479
0021800052
0021900588
0022100304
0022000692
0021700585
0022100782
0022100685
0022300086
0021700026
0022100466
0022100852
0022200303
0022100005
0021900817
0021700177
0022100028
0022300254
0021800892
0022100469
0021900298
0022100525
0021800053
0022201131
0022300136
0021700253
0022000534
0022100089
0022100993
0022100245
0022300056
0022000747
0022200185
0022000209
0022200198
0021700711
0021701226
0022100342
0021700044
0022000223
0021800645
0021900183
0022200773
0022300940
0022200057
0021800290
0021700038
0022200968
0022301205
0022200188
0021700180
0021801069
0021800762
0022301060
0021900174
0022000219
0022200248
0022000561
0021900944
0021700049
0021800799
0021700720
0022101130
0022000709
0022200197
0022300521
0021701065
0022100063
0021900867
0022100310
0021801038
0022100471
0022200778
0022000625
0022201028
0022300795
0022100802
0021801138
0022000653
0022201013
0021801106
0021700210
0022200165
0022100897
0022000741
0022100165
0022300349
0021800058
0022300101
0022000189
0021801000
0021700507
0022300347
0021700357
0022000108
0021801089
0022300530
0021900380
0022200789
0022100708
0022100339
0022300159
0021900942
0021801104
0021700456
0022300244
0022000908
0022100977
0022200369
0021700785
0021700025
0022100766
0022000768
0022000783
0021800037
0022200983
0022001073
0022000288
0022300964
0022200332
0022100097
0021800609
0021700001
0021800004
0021900694
0022300752
0022000387
0022000442
0021800414
0022200577
0021700247
0022200995
0022201093
0022000104
0022101060
0022100192
0022201110
0021900265
0022300311
0021900955
0022200128
0022100864
0022200911
0022301117
0022200064
0021900551
0022300249
0022100853
0022100415
0022300577
0021700854
0022201073
0021700511
0021800397
0021800191
0022100126
0021800390
0022001009
0022200107
0021900077
0021900100
0022300303
0022100392
0022101135
0021900297
0021800031
0022001080
0022100923
0022201154
0022201182
0022101144
0022000762
0021900126
0022100082
0022101220
0021900359
0022201179
0021900788
0022000059
0022000034
0022100772
0022300038
0022000598
0022100455
0021900728
0022100225
0022200907
0021800046
0021700015
0022000794
0022000700
0022000455
0021701182
0021900877
0022100098
0022300320
0022000124
0021700772
0022100599
0022000903
0021701163
0022300184
0022000428
0022300201
0022000299
0021700843
0022300596
0021801074
0021800793
0021800110
0022300413
0021900796
0022200575
0021700016
0022300507
0022300045
0022000317
0022300976
0022101214
0021800120
0022200235
0021900908
0021900850
0022200721
0021900282
0022301115
0021700370
0022200429
0022200696
0021801227
0021900564
0022200143
0022300520
0021700172
0021900288
0022300092
0021800027
0022300127
0022200673
0022201173
0022100372
0021701181
0021700400
0022200156
0022301071
0022300370
0022300546
0022201043
0021900328
0022200661
0021800674
0021900004
0021800782
0022200285
0022301107
0021900663
0022301215
0022301027
0021700321
0022200538
0021800980
0022300078
0021900171
0022300603
0022200946
0021800243
0021800859
0021800008
0022101080
0021801133
0022300609
0021700436
0022100483
0021700675
0021800056
0022200377
0022000802
0022000233
0022301218
0021901295
0022100856
0021900686
0021700938
0022200075
0021900633
0022301075
0021701211
0021801145
0022300606
0022301206
0022001035
0022201112
0022000665
0021901237
0021800933
0021701081
0022100839
0022000198
0022101100
0022200148
0022000153
0022301005
0022100924
0022300301
0022300643
0022000211
0021800071
0022100091
0022001069
0022300597
0021900276
0022200734
0021800582
0021900967
0022100551
0021900729
0022000622
0022200536
0021900418
0021900447
0021700517
0021700286
0021801136
0022301153
0021700677
0021800326
0022301181
0021801014
0022100593
0022300051
0022100479
0022200376
0022000797
0021900902
0021700715
0021801124
0022100957
0022101084
0022200364
0022200881
0022300381
0021800970
0022200525
0021800534
0022100556
0022000374
0021800328
0022300257
0022300099
0021800598
0022100211
0022300330
0022300682
0022300658
0022000178
0021800130
0022200739
0022100680
0022000946
0021701099
0021800928
0022300416
0022201010
0021700258
0021800712
0022100896
0022300036
0022000767
0021700527
0022101216
0022200627
0021900007
0022200138
0022200904
0022200038
0022101156
0022300648
0022200741
0022300527
0022101161
0022200615
0022000375
0022000886
0021900584
0022300267
0021700522
0022100799
0021801197
0022100771
0021900943
0022100132
0021800133
0021900873
0022000276
0022300990
0021701148
0022300746
0022300402
0021700429
0022100548
0021700006
0022100611
0021801047
0021900754
0022300354
0021700260
0022200985
0021700886
0022200434
0022200507
0022300414
0021701025
0021701171
0022300222
0022300587
0022100282
0021800549
0021800091
0022100053
0022101119
0021900470
0022000120
0022000076
0022100817
0022301171
0022000937
0022200928
0022200270
0022100117
0021801083
0021801229
0021700775
0021700704
0022101104
0021800961
0022201091
0021700396
0021900486
0022001047
0022100032
0022300214
0022300181
0021700642
0021700982
0021900226
0022100017
0021701113
0021800682
0021700135
0022200565
0022300850
0022101141
0021801216
0022000157
0022100056
0022000515
0022100846
0021800709
0021900582
0021900590
0022200456
0022000527
0022200868
0022300602
0022201109
0022300460
0021800194
0022301149
0021800433
0022000994
0021900861
0022300714
0022100718
0022300119
0021700123
0021801061
0022300148
0022300317
0021700033
0021700821
0021801158
0021900507
0022100154
0022100033
0022100902
0021800542
0022200660
0022301134
0022200190
0021900715
0021700596
0022200880
0022201033
0022100185
0021900275
0022300247
0022200438
0021900557
0022100602
0021701193
0022300833
0022100848
0022201230
0022201216
0022200095
0021900305
0022300062
0021801149
0022200279
0021801001
0022000813
0022000944
0021800581
0022300951
0021701069
0022100109
0021900949
0022200680
0022000440
0021800234
0022000852
0022200894
0021800051
0022101189
0022200545
0021700764
0022201055
0022300535
0021800814
0022100449
0022300435
0022100493
0022200267
0022300672
0022000887
0022300446
0021900365
0022201042
0022000639
0022000778
0021700285
0022201087
0021800754
0021701155
0022101140
0022100544
0022200326
0022200937
0021700453
0021700817
0022200287
0022200044
0022201027
0022101078
0022000096
0022200259
0022200139
0022301221
0022000611
0022100579
0022100058
0022200016
0022300786
0022200325
0021801190
0021700356
0021700303
0021900556
0021800384
0021801071
0022300109
0022101040
0021900558
0022000370
0022300427
0022000546
0022201203
0021900492
0022000926
0022100804
0021900751
0022100120
0022100666
0022200474
0022300986
0022200527
0021801055
0022300988
0022000536
0021900875
0021800835
0022201119
0021800810
0021800915
0021800569
0021800421
0022100930
0022000880
0021900151
0021700629
0022200794
0021901235
0022000136
0022300847
0022300273
0022100260
0021900634
0022000905
0022200654
0021701121
0022200546
0021700591
0021800080
0022200768
0022000993
0022200746
0021700594
0022101005
0022100868
0021700156
0021900471
0022300261
0022300281
0021901274
0021701146
0022300620
0022100654
0021900200
0022200261
0021700581
0022100894
0021700112
0022200725
0021701095
0022200675
0022300415
0022200105
0022200410
0022000208
0022200762
0022201221
0022300158
0021800893
0022200519
0022100248
0022200217
0021900818
0022200731
0022100352
0022100945
0021800707
0022200380
0021700211
0021700535
0021700250
0022101041
0021800255
0022101099
0021801051
0021800695
0021700289
0022200921
0021801006
0022000220
0022300328
0021700545
0022200118
0022200026
0021700587
0021900373
0022200392
0022100080
0022100022
0021700567
0021700322
0022000656
0022000336
0021801152
0022100711
0021800240
0021800533
0022300409
0022000513
0022000683
0021900696
0021901302
0022100203
0022300938
0021900301
0022100781
0022200476
0022200417
0021900535
0021700766
0021900735
0021900113
0022100206
0022200770
0022000326
0022200975
0022200769
0022200043
0021900046
0022200906
0022200226
0021800790
0022000191
0021800602
0022001006
0022101014
0021700975
0022201125
0022000568
0021701157
0022101224
0022000828
0021700288
0021700050
0022000855
0022300842
0021700851
0021701187
0021900083
0022100539
0021900221
0021700077
0021900677
0022100507
0021700020
0022100214
0021900637
0021800610
0022101011
0022300694
0022301066
0022000074
0021900752
0022000122
0022000760
0021900118
0021800836
0022301201
0021800914
0022201048
0021701132
0022201085
0022000435
0021800592
0022000838
0021700620
0022100807
0022200613
0021801169
0022200859
0021700633
0022100259
0022200918
0022100899
0021800612
0021701032
0022300265
0021900654
0021900780
0021700774
0021700836
0022301073
0022200742
0022300173
0021800221
0021700068
0021701058
0022300594
0022000244
0022200511
0022201197
0022200329
0022100107
0022200090
0022300169
0021701213
0022000786
0021900674
0022200106
0021700327
0022000554
0021800035
0022200072
0022200433
0022201100
0021700473
0021900417
0021700129
0021700972
0022200640
0022200328
0021800671
0022200828
0022000784
0022101077
0021801059
0022000169
0022300066
0021800843
0021900631
0021800558
0021900485
0022201057
0022300319
0021701078
0022000112
0021700063
0021900434
0021800876
0021900906
0022000640
0021900331
0022100253
0022100547
0022001012
0021901249
0021800786
0022000752
0022200060
0022000637
0022200717
0021800546
0022200515
0022200889
0022200125
0022300168
0021700379
0022100013
0021900496
0022000842
0022300444
0022000745
0021900177
0022200568
0022101052
0022300540
0021800692
0022300554
0021700499
0021900968
0021700367
0022200791
0021800156
0022000078
0022200333
0021900028
0022300774
0021800543
0021800905
0021900337
0021700650
0022100664
0021900919
0021800295
0022100580
0022100743
0021701037
0022300514
0022100364
0022300241
0022100748
0021800301
0021700421
0021900678
0022100904
0021700491
0022100375
0022100824
0022300800
0022100402
0022100510
0022000383
0022000424
0021700263
0022200504
0021700815
0021800664
0022000203
0022201149
0022300245
0022300862
0022200091
0022100188
0021700368
0022301226
0021700598
0021700242
0021700530
0022300739
0021900515
0022100981
0022000508
0022301040
0022000413
0022300720
0021800452
0022000228
0021800608
0021900945
0022300042
0021800767
0022100789
0022201080
0022200990
0021800726
0021800951
0022200451
0022301034
0022000632
0021700064
0022000297
0021800988
0022300588
0022000505
0021900642
0022101059
0021800714
0021900163
0022200916
0022000311
0021700934
0021800560
0021701216
0021900740
0021800795
0022200926
0021800935
0021800908
0022100101
0021900697
0022100546
0021700820
0022100637
0021800496
0022200271
0022000604
0021701056
0022200278
0022100677
0022300931
0022300039
0021800038
0022100047
0022001007
0022200981
0022100836
0021700369
0021801037
0022300359
0022101202
0022200980
0021701070
0022200914
0022200059
0021701144
0021800879
0022100184
0022100292
0022300421
0021700315
0021801117
0022300052
0021800974
0021800907
0022201122
0022200912
0022200010
0022301196
0022100597
0021700213
0022100494
0022201229
0022000475
0021800018
0022300251
0021701030
0021900025
0022100060
0022300920
0022100160
0021800318
0022000501
0021700196
0021801067
0022100608
0021700178
0022000512
0022200224
0022300832
0022000514
0022000891
0021700580
0022100673
0022300178
0022100067
0022100988
0022101065
0021700602
0022300268
0021700238
0022200877
0021700738
0022100446
0022301100
0021900749
0022100145
0021700119
0022200779
0021800757
0021800404
0022300044
0021700845
0022101129
0021700143
0022100885
0022100935
0022100034
0022200745
0022200021
0021800644
0022200323
0021801092
0021700706
0021900589
0022101081
0022100222
0022200867
0022300277
0021700036
0021900809
0022100470
0021900801
0022000425
0021700251
0022100903
0021800634
0021800422
0022301006
0021700924
0021900319
0022200532
0021801123
0021800333
0022100531
0021900220
0022200141
0021700825
0021800932
0022101016
0021800809
0021900883
0022300622
0021701080
0022200281
0022100682
0022100319
0022000127
0021701066
0021700027
0022300937
0021800246
0022100391
0022000072
0022300008
0021700454
0022300399
0022200133
0021800947
0021701003
0022200300
0022001010
0021800003
0022000731
0021700791
0022200850
0022200158
0021901280
0022200239
0021800632
0021900831
0022200085
0022300105
0022301202
0021700082
0021800376
0022000486
0022300836
0022300467
0021700724
0022300380
0021900767
0021900092
0021700957
0022100147
0022200959
0022200296
0022200963
0021700214
0022200966
0022301039
0021800140
0021900704
0022101111
0022300633
0022200237
0021900403
0021700553
0021800010
0022200183
0021700419
0021700695
0021800045
0021800787
0022300999
0021700719
0022200908
0021900948
0021801095
0021701055
0022100515
0021700937
0022300161
0021700979
0022300016
0022301013
0022301044
0021700542
0022300263
0022000181
0022200542
0022300395
0021701115
0022000859
0022000870
0022000006
0021700309
0022200097
0021900435
0022100941
0022300868
0022100362
0021800408
0021900721
0021900842
0021800791
0022101121
0021701224
0022000179
0021900330
0022100288
0022100159
0021900586
0022300506
0022000353
0022100833
0022100679
0021900208
0022300841
0021801150
0022300718
0022100106
0021800649
0022000123
0021701093
0022100325
0021700435
0022200893
0022000865
0022300828
0021700191
0022301220
0022300418
0022200070
0021900072
0021700575
0021900260
0021700680
0022000222
0021800331
0022200933
0022000032
0022000655
0022100755
0021900360
0022200631
0022300660
0021900562
0021700627
0021800303
0021900354
0021901263
0022300348
0022100340
0022200657
0022100004
0022300691
0022000322
0022000644
0021900377
0021800188
0022101013
0021700394
0022300547
0021900199
0022100844
0021701045
0021800994
0021800806
0021900401
0022301170
0022000010
0022100880
0021801008
0022301120
0022301162
0022100834
0022300072
0021900144
0022300065
0022300060
0022200799
0022300436
0022100276
0022301192
0021700663
0022000119
0021800042
0022101026
0022101061
0021901288
0022000972
0022300973
0022100434
0022200679
0021900318
0021700977
0021800722
0022100571
0022001026
0021701046
0021900322
0022000971
0022100763
0021701178
0021900636
0022001037
0022100461
0022300037
0021700463
0022200852
0022100947
0021700558
0021901283
0022200915
0022000929
0021900068
0021801096
0021900746
0021700523
0022100103
0021900317
0021700042
0021900182
0022300225
0021700786
0021700566
0021700287
0022300085
0022200523
0022100648
0022300728
0021801045
0021700968
0021701053
0022100706
0022200001
0022200534
0022000337
0021700229
0022200792
0022200978
0022100867
0022200295
0022000147
0021800459
0021700154
0022000332
0022200280
0022000432
0022100609
0021701167
0021700503
0022200046
0021800450
0021801140
0021800144
0022200104
0022300715
0021800497
0021800514
0022100862
0022300239
0021800544
0022200860
0022300601
0022100532
0021700907
0021900779
0022200760
0021700599
0022000948
0022300713
0021700353
0021900670
0022000335
0021701207
0022000144
0021800411
0022000448
0022200019
0021700513
0021900270
0022000166
0021700624
0021800016
0021900130
0022000064
0021900929
0021801168
0021800059
0022300793
0022301084
0022300716
0021700593
0021701084
0021800264
0021800613
0022000992
0022200189
0022000255
0022000196
0022100822
0022000462
0022200201
0022201022
0022100843
0022001074
0022301109
0021900062
0021900676
0021801222
0022000569
0022200602
0021700790
0022000950
0021700965
0022300512
0022000754
0021901242
0021700383
0022000712
0022000706
0021900618
0022100122
0022100019
0021900623
0021800902
0022000518
0021900224
0022201155
0022100586
0021800163
0022100932
0022200757
0021800206
0022300630
0022000737
0022300289
0022200216
0022200055
0021701142
0022100572
0022300567
0022300196
0022100432
0021800316
0021900138
0022100440
0022200641
0022301098
0021900387
0022101170
0022100343
0021700003
0021700802
0022000771
0021701169
0022100689
0021900513
0021900198
0021700661
0021800540
0021800442
0022200853
0022000031
0022100277
0022101098
0022300481
0022200513
0021900614
0022301224
0022300200
0022300893
0021800236
0022100275
0022000600
0021800093
0022100139
0021800899
0022300579
0021800847
0022300925
0021700216
0022200774
0021800727
0021800717
0022100311
0021701060
0022200982
0022200922
0021700194
0022200028
0022200804
0021800690
0021801032
0022200342
0022000938
0021800435
0022000090
0022200045
0021901254
0022100616
0021800466
0021700061
0022300542
0021800990
0021800852
0022300487
0022200049
0022100351
0021901318
0022000439
0021800594
0022200597
0022000091
0022001021
0022100071
0021801192
0021800436
0021900811
0021700730
0022101137
0021700224
0022300450
0021800095
0021800640
0022300600
0022100765
0021800332
0022300212
0022100859
0021900374
0022101092
0021701028
0022300378
0022000570
0022300926
0021900946
0022300059
0021800039
0022300574
0022300731
0022200897
0021701082
0022000378
0022100237
0022201127
0021801194
0021700104
0022301111
0022100299
0022000853
0021800964
0022200948
0022300345
0021801214
0021800260
0022300011
0021700072
0021700877
0021800997
0022100915
0021900066
0022100064
0021800798
0021901265
0022000399
0021900022
0021800287
0022101050
0021800662
0021800998
0021701103
0021900662
0022001029
0022300094
0021700445
0021701020
0021700037
0022200800
0021900133
0021800922
0022200357
0022100458
0022300830
0021800834
0022100613
0022100295
0022000465
0022000280
0021800136
0022301126
0021701117
0022300275
0022200401
0022201009
0022100227
0021801156
0022300373
0021800007
0021800585
0021900576
0021800325
0021800788
0022000320
0022100378
0021700822
0022100318
0021900537
0022101096
0022200407
0022200866
0021900193
0022201215
0021900540
0022200795
0022000562
0021701019
0021900286
0022200688
0021800081
0022100437
0022100118
0021900768
0021800493
0022300664
0022300526
0022301106
0021701183
0022000392
0022200289
0022000633
0022300995
0022101187
0022200240
0022200470
0022300781
0022200225
0022200686
0022300818
0021900029
0022100007
0022200984
0022300291
0021700721
0021800146
0021801186
0022000801
0022100671
0022200846
0022300907
0022300696
0021700179
0022200331
0021700360
0022100420
0022100731
0022200037
0021700689
0022100955
0021800078
0021800419
0022100413
0021900371
0022200639
0022100216
0021801018
0022200884
0021900658
0022000615
0022001054
0021900731
0021700054
0022000610
0022301053
0022300485
0022000646
0022300779
0022300098
0022300952
0022300250
0022300398
0022300685
0022200728
0022300451
0022300258
0022200697
0022200653
0021900814
0021700301
0022200738
0021701126
0021900122
0022300314
0022000457
0022300897
0021900688
0021800687
0022201097
0021801044
0021800855
0022100398
0021900223
0022100644
0022300141
0022100965
0022000535
0022200863
0021800789
0021900638
0022200457
0021701118
0022300150
0021700884
0022000831
0021701228
0021900312
0022100309
0021800768
0021800486
0022100734
0022200013
0021701116
0021801220
0022000531
0022100536
0021900880
0022300727
0021901290
0021700059
0021800294
0022200321
0021900479
0022201186
0021800925
0022200600
0022100656
0022200598
0021801086
0022200934
0022201224
0022200452
0022300784
0021700462
0021900865
0021700947
0021700071
0021701209
0021700647
0021700552
0022000234
0022300528
0021900639
0022100620
0022100566
0022300750
0021700833
0022201117
0022100175
0022301029
0022200384
0022100094
0021800391
0022201170
0021800366
0022100217
0022101171
0022200282
0022100645
0022000839
0022101044
0021700665
0021900404
0021700963
0021800563
0022300681
0022301222
0021800570
0022000906
0022300505
0021900680
0022000850
0021900921
0022000988
0022200668
0022100368
0021900935
0022300765
0021800752
0021700500
0021900816
0022301168
0022300025
0021700256
0021700691
0021900261
0022000250
0022100169
0021900542
0022000589
0021700168
0022000739
0022200997
0022100393
0022100742
0022000708
0021700984
0021900041
0022101051
0021700861
0021900531
0021801024
0022300758
0021900647
0021700688
0021700449
0022000940
0021800778
0022100341
0021800808
0022100042
0021701089
0022000252
0022200834
0021800697
0022300224
0021700605
0021700910
0022000947
0022200992
0021900320
0022100179
0022201183
0021800765
0021800090
0021800104
0022100821
0021801210
0022300464
0021800471
0022100578
0022300439
0022000386
0022000996
0022001057
0021700093
0021901259
0022100074
0021901277
0022000321
0021800329
0022101091
0022100428
0021700118
0022200570
0022000613
0022000967
0022000667
0021801031
0022200492
0021900234
0021800024
0022200823
0021800503
0022100592
0021900053
0022001043
0021700878
0021800141
0021700475
0022101071
0021901268
0022100701
0022300717
0021900459
0022000066
0021800087
0021701230
0022100133
0021800572
0021700472
0021900063
0022200426
0021700603
0021900161
0021800512
0022000945
0022100197
0022300725
0022300550
0022100970
0022301160
0022200266
0022000545
0022300009
0022000210
0021900601
0021800654
0021700697
0022100123
0022200569
0022201002
0022000899
0022200243
0022301068
0022100513
0021900386
0022100036
0021800425
0021900890
0021900432
0021700781
0022200905
0021801163
0021700662
0021800614
0021800737
0021700145
0021700824
0022100496
0022000207
0022101206
0022300489
0022200214
0022000843
0022000999
0022000004
0022000265
0022100198
0022100250
0022200632
0022100096
0021700828
0021901240
0022100576
0022300537
0021700994
0021900437
0022301055
0021700136
0022300449
0022001050
0022000601
0022100519
0022300655
0022101225
0022101083
0021900350
0022100243
0021700793
0022100244
0021801023
0021700987
0022000270
0022100605
0021800189
0022000415
0022200957
0022300666
0021900460
0022300063
0022300126
0022200398
0022100737
0022300533
0022200447
0022100423
0021800887
0021701018
0021800575
0022000226
0021801075
0021700096
0022300615
0022300344
0022200701
0022000976
0021900776
0021700881
0021900321
0021901267
0022000485
0022300906
0022000902
0022200385
0021700326
0022201193
0021700521
0021800147
0022100538
0021900655
0021700385
0022100797
0021901314
0021900617
0022000073
0021900218
0022300028
0021900237
0021700832
0021800005
0021900274
0021701205
0021801012
0022100974
0021801100
0022101205
0022000977
0022100709
0022300235
0021800784
0022000418
0022101148
0022100194
0022200006
0022000161
0022101116
0022000782
0021701088
0022001030
0022300561
0022200630
0021901317
0021800906
0022000873
0021900672
0022300508
0021800628
0021900933
0022200903
0022001008
0021801198
0022300216
0022200340
0022100054
0021800101
0022100558
0022100600
0022300677
0022100417
0022300651
0022201142
0022300844
0022200606
0021700641
0021700057
0021800483
0022300654
0021700058
0022201162
0022301227
0022100521
0022300053
0022301014
0021700340
0021900420
0022000595
0022000016
0022001058
0021800636
0022100906
0022200416
0021700969
0022300147
0022100366
0022100890
0022300766
0022100881
0022100490
0022200288
0022301186
0021900067
0021800952
0022300855
0022300437
0021800759
0021700316
0022000241
0022100944
0021800415
0022200236
0021900372
0022200522
0022100872
0022200361
0021700638
0022200297
0021900438
0021700667
0021800320
0021900058
0022300563
0022100577
0021900395
0022000092
0022000239
0022300621
0022300706
0021800250
0022101181
0021900924
0021900565
0022301167
0021800732
0021800402
0022200336
0022000132
0021700773
0022000814
0021700678
0022000822
0021700165
0022200530
0021800324
0022300206
0022101054
0022200414
0022301016
0022100380
0021700546
0022100884
0022100581
0021900523
0021901300
0022100636
0022200670
0022000744
0022300823
0021900103
0022200263
0022001000
0022300125
0021900229
0022300177
0021700426
0021900291
0022000133
0021801028
0022100315
0022300425
0021900369
0021701124
0022000487
0021801042
0022200829
0022300516
0022001013
0022300846
0021800605
0022000629
0021701074
0022300034
0021801203
0021901303
0022301197
0022300914
0022200965
0021900763
0022300634
0022300642
0022000273
0021900156
0022000310
0021700271
0021900937
0022100530
0021900179
0022000296
0022100257
0022300614
0021800587
0021800745
0022101157
0022100144
0021700427
0021800354
0022300883
0021900107
0022200491
0022000901
0022200260
0021700017
0022300438
0022100523
0022100790
0021700666
0022000449
0022200272
0022300848
0022200737
0021700700
0021700611
0021900832
0022200689
0021800219
0021700361
0022200977
0021900295
0022000541
0022200593
0021800259
0022000670
0021700455
0021800380
0022100647
0021700582
0021701047
0022000450
0021800794
0021900807
0022201092
0021700457
0021800867
0022100740
0021700226
0022100015
0022301015
0022300983
0021700433
0021700841
0022201077
0022300880
0021801151
0021700480
0022201024
0022000933
0022000143
0022201099
0021800022
0021800313
0022300406
0021900181
0022200462
0022200972
0022100588
0022201105
0022201106
0022000664
0021900509
0022300618
0021700951
0022000318
0022101110
0022101000
0022100779
0022300163
0022100767
0021700201
0022200317
0021800405
0022100078
0022000524
0021800070
0022001036
0022001027
0022200899
0022300958
0021701131
0022000283
0021900086
0021800079
0022100634
0022300374
0022200114
0022300339
0022200603
0022300509
0022100183
0021900251
0022100669
0022300383
0021700153
0022300350
0022000544
0022100967
0022200488
0022201056
0021800931
0021700299
0022200607
0022000577
0022200389
0021800740
0021800481
0022300878
0022100262
0021701079
0021801063
0021800895
0021800624
0022300221
0022300396
0022300684
0022200131
0022201114
0022200074
0022100472
0022101025
0021800112
0022200962
0022000158
0022000224
0022100792
0022200854
0021800249
0021900736
0021800868
0021900147
0022300264
0021900123
0022000231
0021800485
0022200319
0022200524
0022100692
0021800536
0022200544
0021900166
0021900137
0022100186
0022200160
0021701051
0022000519
0022000806
0022301091
0021800489
0021900421
0021701119
0021900324
0022100077
0022300343
0022000660
0022200151
0021700498
0022300595
0021900610
0022201124
0022200265
0021900759
0022000914
0022100931
0021900487
0022200252
0022000176
0022100208
0021700089
0021900428
0022100348
0022300129
0022201023
0021800550
0021700349
0022100964
0022300160
0022100232
0021701138
0022300719
0021900089
0022200857
0021900055
0021700668
0021900838
0021900934
0022101062
0021700324
0022200403
0022000995
0022100001
0022200996
0022301158
0021900213
0022100143
0022201061
0022301064
0021900916
0021800728
0022000791
0022201141
0021700423
0021700901
0022200308
0022300517
0021700846
0022300608
0022101036
0021900517
0022300562
0022100040
0021700113
0022100127
0021800828
0021701174
0022000681
0022000111
0021900845
0022000472
0022301102
0021900722
0021800208
0021800532
0021700794
0022000082
0021800711
0022300108
0022200621
0022300362
0022300112
0022200558
0022200042
0022301046
0022300355
0022300879
0022201082
0021800065
0022300228
0021800009
0022300334
0022100412
0021900456
0022000343
0022101037
0021900717
0021700099
0021900346
0022200307
0022100785
0021800251
0021700348
0022300676
0021800162
0022200901
0022100758
0021900791
0021800884
0021700043
0021900527
0022001067
0021900157
0021800265
0022301143
0021901315
0022100026
0021700804
0022200730
0021701026
0022101217
0022200502
0022200883
0022000740
0021900953
0022301122
0022301152
0022000323
0021901246
0021900824
0022000858
0022100632
0022300477
0021700856
0021700883
0022000027
0022000240
0021700012
0022100958
0021801160
0022300861
0022000924
0022100831
0021901305
0021900888
0022000134
0022300448
0022000766
0021800832
0021700249
0021700902
0022300376
0022200427
0021700354
0021800385
0022100875
0021800278
0021900358
0021700443
0022100749
0021800819
0022300272
0022300217
0022100498
0022000811
0022000264
0022000081
0021900785
0022101180
0021900543
0022300018
0022301063
0022300811
0021701002
0021900044
0022000093
0021900039
0022200077
0022300372
0022001023
0022100818
0021900329
0021700508
0021800629
0022301036
0021801033
0022200129
0022000491
0022000710
0021700095
0022000521
0022100918
0021900863
0021901233
0022301103
0021900882
0022300645
0021801129
0022300668
0022000358
0022000981
0021700897
0022000167
0022300754
0022300237
0021900712
0021700867
0021800256
0022300825
0022200122
0022000698
0022200249
0022100901
0022300452
0021700482
0021700019
0021701102
0021800635
0022100687
0021900568
0022300404
0021900253
0022200113
0022000558
0022200573
0021901316
0022200998
0021800854
0022300152
0021700407
0021700014
0021700777
0021800340
0022000236
0021800968
0022200818
0021900211
0021801101
0022300144
0022200839
0022200900
0022300360
0022100016
0021901270
0022101176
0021800523
0022100161
0021800564
0022200161
0021800553
0021800150
0022000854
0022201020
0022200887
0022100046
0022000686
0022201200
0021800200
0022100219
0022200825
0022200173
0021800684
0021800109
0022301081
0022000396
0022101001
0022300971
0022000357
0021800672
0021800201
0022100980
0022000363
0022000956
0022200246
0021800734
0022300139
0021801103
0021700232
0021801219
0022200425
0022300154
0022200634
0021800571
0022300598
0022300411
0022100404
0022000596
0022200651
0022100585
0022200115
0022200711
0021800850
0022000140
0022000480
0022300884
0022300286
0021801228
0021700004
0021800702
0022201094
0021700362
0021800753
0021700371
0022100732
0021800720
0021800012
0021700565
0022000780
0021900893
0022200069
0022200727
0022301104
0022000726
0021900294
0021700847
0021900429
0022000609
0022300777
0021900232
0021700040
0022000402
0022301165
0021801174
0022300110
0022100023
0022000592
0022101075
0021800204
0022200163
0021800783
0022200232
0021900087
0021800106
0022300180
0021900241
0022000612
0021800577
0022101067
0021900408
0022200397
0021800041
0022201037
0022201081
0022000293
0021801226
0021800289
0021900382
0022300902
0022200254
0021900519
0022200109
0021800977
0022200572
0022300131
0022101167
0021800764
0022000878
0021900203
0022300726
0022000482
0022200999
0022300693
0021700459
0022000773
0021701229