0021700806
0021700201
0021700820
0021700170
0021700549
0021700351
0021700062
0021701069
0021700989
0021700797
0021700986
0021700565
0021700271
0021701120
0021700814
0021701054
0021700107
0021700457
0021700159
0021700236
0021700570
0021701004
0021700498
0021700183
0021700188
0021700885
0021700939
0021701014
0021700364
0021700678
0021700388
0021700556
0021701222
0021701090
0021700662
0021700080
0021700118
0021700358
0021700715
0021701146
0021700889
0021700630
0021700047
0021700533
0021701197
0021701002
0021700400
0021700012
0021700111
0021700224
0021700759
0021700520
0021700481
0021700256
0021700992
0021700647
0021700313
0021700741
0021700643
0021701141
0021700449
0021700795
0021700842
0021700995
0021701028
0021701172
0021700121
0021700908
0021700431
0021700451
0021700574
0021700969
0021700748
0021700095
0021700089
0021700926
0021700250
0021700947
0021700862
0021700658
0021700697
0021700389
0021700171
0021700525
0021700716
0021700553
0021700444
0021701116
0021700972
0021700605
0021701189
0021700566
0021700705
0021700076
0021700650
0021701030
0021700361
0021700857
0021700547
0021700945
0021701205
0021700235
0021700799
0021701180
0021701135
0021701047
0021700160
0021700596
0021700070
0021700629
0021700151
0021700855
0021700594
0021700624
0021701168
0021700724
0021700050
0021701089
0021700218
0021700573
0021701085
0021700382
0021700069
0021700833
0021700503
0021701158
0021700023
0021701038
0021700408
0021700744
0021701217
0021700979
0021701212
0021700588
0021700960
0021700300
0021700258
0021700402
0021700664
0021700834
0021700859
0021700576
0021700660
0021701057
0021700435
0021700572
0021700059
0021700272
0021700373
0021700066
0021701166
0021700749
0021700922
0021700618
0021700094
0021700934
0021700259
0021700690
0021700343
0021701031
0021700931
0021701159
0021700097
0021700104
0021700241
0021700780
0021700775
0021701009
0021700500
0021700275
0021701224
0021700463
0021700886
0021701184
0021700713
0021701154
0021700221
0021700906
0021700878
0021701049
0021700932
0021700560
0021700292
0021700145
0021700214
0021700619
0021700987
0021700490
0021700487
0021700849
0021700182
0021700557
0021700937
0021701193
0021700963
0021700179
0021700903
0021701012
0021701200
0021700771
0021700102
0021700173
0021701001
0021700038
0021700698
0021701115
0021701005
0021700951
0021700673
0021700603
0021701203
0021700317
0021700473
0021700453
0021700456
0021700544
0021701160
0021701199
0021701187
0021700623
0021700606
0021700341
0021700339
0021700225
0021700742
0021700406
0021700488
0021701219
0021700479
0021700003
0021700497
0021700299
0021700824
0021700805
0021700685
0021700828
0021700965
0021700762
0021700115
0021701220
0021700952
0021701015
0021700641
0021700809
0021700345
0021701191
0021700924
0021700051
0021700055
0021700637
0021701099
0021700031
0021701229
0021700535
0021700539
0021700265
0021701149
0021700522
0021700899
0021700396
0021700982
0021700257
0021701043
0021700204
0021700009
0021700598
0021700818
0021700757
0021700495
0021700496
0021700125
0021700409
0021700646
0021701070
0021700501
0021700028
0021700432
0021701106
0021701176
0021700958
0021700223
0021700386
0021700957
0021700914
0021700700
0021700513
0021700625
0021700869
0021700086
0021700445
0021700297
0021700738
0021700858
0021700704
0021700248
0021700654
0021700043
0021700260
0021700568
0021701215
0021701095
0021700081
0021700559
0021700711
0021700324
0021700714
0021701081
0021701185
0021701196
0021700298
0021700168
0021700510
0021700122
0021700940
0021700543
0021700835
0021700688
0021701177
0021700084
0021700720
0021700739
0021700542
0021701109
0021700440
0021700856
0021700462
0021700725
0021701111
0021700209
0021700802
0021700730
0021700308
0021701100
0021700865
0021700446
0021700475
0021700139
0021700357
0021700808
0021700764
0021700222
0021700156
0021700332
0021700057
0021700552
0021701126
0021700870
0021700249
0021700692
0021700615
0021700074
0021700968
0021700954
0021700064
0021700669
0021700915
0021700304
0021700523
0021701155
0021700904
0021700395
0021700649
0021701076
0021700994
0021700975
0021701230
0021700207
0021701096
0021701183
0021700025
0021700841
0021701132
0021700158
0021700140
0021700993
0021700437
0021700011
0021701151
0021700058
0021700040
0021700985
0021700428
0021700092
0021701190
0021700973
0021700184
0021700747
0021700014
0021701062
0021700610
0021700302
0021701026
0021700723
0021700211
0021700478
0021700410
0021700555
0021700840
0021700138
0021701123
0021700468
0021700732
0021700836
0021700991
0021701206
0021700399
0021701228
0021700837
0021701145
0021701042
0021700401
0021700920
0021701067
0021700691
0021701044
0021700852
0021700349
0021700589
0021700575
0021701029
0021701221
0021700189
0021701140
0021700717
0021701170
0021700322
0021700534
0021701003
0021700243
0021700240
0021701156
0021700763
0021700684
0021701021
0021700843
0021700667
0021700082
0021700579
0021700675
0021700202
0021700099
0021700942
0021700621
0021700192
0021700132
0021700626
0021700065
0021701071
0021700403
0021700622
0021700327
0021700977
0021700988
0021700774
0021701052
0021700354
0021700215
0021701129
0021701171
0021700350
0021700312
0021700268
0021700499
0021700148
0021700309
0021700631
0021701134
0021700042
0021700087
0021701192
0021701024
0021700088
0021700464
0021700353
0021700656
0021701019
0021700237
0021700418
0021700668
0021700586
0021700943
0021700782
0021700829
0021700073
0021701013
0021700035
0021700893
0021700614
0021701046
0021700169
0021700604
0021700817
0021700636
0021700377
0021700190
0021700020
0021700471
0021701167
0021701133
0021700494
0021701020
0021700227
0021700722
0021701007
0021700537
0021700766
0021700917
0021700772
0021700602
0021701053
0021700452
0021700787
0021700369
0021700941
0021701061
0021700206
0021701059
0021700238
0021700786
0021700413
0021700721
0021700052
0021700810
0021700293
0021700695
0021700318
0021700694
0021700868
0021700030
0021700561
0021700439
0021700340
0021700359
0021700420
0021700176
0021700424
0021700611
0021700071
0021700888
0021701130
0021700502
0021700109
0021700100
0021701113
0021701214
0021700640
0021701153
0021701208
0021700550
0021700352
0021700740
0021701068
0021701039
0021700131
0021700804
0021700342
0021700210
0021700326
0021700819
0021700037
0021700199
0021700049
0021701164
0021700384
0021700416
0021700633
0021700750
0021700394
0021700563
0021700375
0021700666
0021700661
0021700949
0021700912
0021701097
0021700832
0021700135
0021700417
0021700344
0021700460
0021700672
0021700133
0021700336
0021700872
0021700296
0021700164
0021700812
0021700830
0021700511
0021700831
0021700387
0021700518
0021700197
0021701121
0021700423
0021700106
0021700476
0021700769
0021701087
0021700005
0021700696
0021700632
0021700651
0021700645
0021700287
0021700492
0021700792
0021700194
0021701211
0021701178
0021700072
0021700448
0021700474
0021700113
0021700425
0021700532
0021700746
0021700838
0021700185
0021700485
0021700253
0021700273
0021700061
0021700512
0021700060
0021700093
0021700282
0021700303
0021700414
0021700412
0021701010
0021700844
0021700163
0021700267
0021701210
0021700180
0021700278
0021700480
0021700593
0021700200
0021700193
0021700120
0021700996
0021700674
0021700699
0021700195
0021700283
0021701035
0021700514
0021700825
0021701139
0021700966
0021700001
0021700385
0021700458
0021700459
0021700083
0021700421
0021700504
0021700616
0021700735
0021700331
0021700779
0021700455
0021700379
0021700617
0021700365
0021700807
0021700044
0021700564
0021700130
0021701102
0021700761
0021700467
0021700315
0021701225
0021700887
0021700208
0021700419
0021700027
0021700291
0021700959
0021700551
0021700866
0021701088
0021700863
0021700953
0021701072
0021700538
0021700881
0021700918
0021700039
0021700295
0021700527
0021700847
0021700390
0021700203
0021700846
0021701147
0021700877
0021700776
0021700229
0021700279
0021700848
0021700891
0021700162
0021700956
0021701025
0021700577
0021700861
0021700639
0021700286
0021700653
0021700710
0021700325
0021700948
0021700155
0021701077
0021701112
0021700430
0021700378
0021700280
0021700314
0021700048
0021701207
0021700108
0021701173
0021700528
0021700536
0021700909
0021701105
0021700729
0021700290
0021700144
0021700923
0021700936
0021701226
0021700320
0021701022
0021700443
0021700219
0021700790
0021701041
0021700264
0021700765
0021700612
0021700687
0021700794
0021700773
0021700860
0021701163
0021700970
0021700226
0021700680
0021700486
0021700895
0021700531
0021700913
0021700068
0021700077
0021700902
0021700884
0021700955
0021700882
0021701055
0021700228
0021701144
0021700754
0021701202
0021701086
0021700601
0021700134
0021701128
0021700450
0021700597
0021700465
0021700659
0021700262
0021700928
0021700823
0021700811
0021700921
0021700126
0021700447
0021701103
0021700360
0021700785
0021700266
0021700323
0021701045
0021700136
0021701174
0021701104
0021700967
0021700871
0021700517
0021700363
0021700321
0021700894
0021700269
0021700234
0021700648
0021700392
0021700558
0021700642
0021700984
0021700793
0021701008
0021700002
0021700491
0021700736
0021700753
0021700900
0021700592
0021700427
0021700758
0021700591
0021700670
0021700767
0021700608
0021700911
0021700407
0021700285
0021700252
0021700347
0021701223
0021700149
0021700798
0021700319
0021700124
0021701098
0021700277
0021700938
0021700634
0021700461
0021701018
0021700890
0021701107
0021700166
0021701079
0021700205
0021701091
0021700123
0021700338
0021701033
0021700301
0021700335
0021700644
0021700231
0021701150
0021700946
0021700261
0021700270
0021701074
0021700655
0021700381
0021700686
0021700483
0021700507
0021700751
0021701037
0021701136
0021700046
0021700441
0021700944
0021700850
0021700045
0021700333
0021700288
0021700232
0021701181
0021700355
0021701092
0021700054
0021700041
0021700519
0021701036
0021700545
0021700781
0021701101
0021700329
0021700137
0021700657
0021700663
0021700075
0021701000
0021700628
0021700101
0021700489
0021700854
0021701137
0021700330
0021700067
0021700826
0021700036
0021700976
0021701027
0021700217
0021700255
0021700393
0021700706
0021700815
0021700294
0021700883
0021700980
0021701056
0021701032
0021700971
0021700613
0021701051
0021701194
0021700770
0021701006
0021701064
0021700466
0021700935
0021700981
0021700026
0021700493
0021701175
0021700506
0021700681
0021700526
0021701117
0021700978
0021700679
0021700034
0021700864
0021700368
0021701093
0021700187
0021700727
0021700712
0021701204
0021700827
0021701119
0021700244
0021701073
0021700929
0021700017
0021700515
0021700007
0021700907
0021700216
0021700599
0021701179
0021700595
0021700356
0021701213
0021700022
0021700433
0021700096
0021700990
0021700116
0021700316
0021700719
0021700161
0021700813
0021700103
0021701048
0021700307
0021700567
0021701017
0021700281
0021700505
0021700874
0021700961
0021700167
0021700110
0021700306
0021701082
0021700112
0021700529
0021700310
0021700880
0021701125
0021700974
0021700128
0021700422
0021700024
0021700760
0021700933
0021700004
0021700181
0021700482
0021700305
0021700019
0021700436
0021700582
0021700346
0021700328
0021700021
0021700756
0021700676
0021700063
0021700311
0021700213
0021700008
0021700682
0021700998
0021701060
0021700745
0021700875
0021700587
0021700251
0021700853
0021700733
0021700683
0021700925
0021700548
0021701075
0021701169
0021701034
0021700578
0021701110
0021700867
0021700743
0021700839
0021700398
0021700337
0021700508
0021700737
0021701078
0021700999
0021700141
0021700246
0021700702
0021700962
0021700919
0021700718
0021700707
0021700376
0021700950
0021700098
0021700801
0021700220
0021700580
0021700910
0021701161
0021700677
0021700150
0021700370
0021700247
0021700584
0021700620
0021701201
0021700728
0021700090
0021700689
0021700851
0021700172
0021700442
0021701198
0021700768
0021701157
0021700426
0021701122
0021701058
0021700010
0021700731
0021700627
0021700783
0021700752
0021700585
0021700078
0021700367
0021701023
0021700091
0021701063
0021700930
0021700233
0021701216
0021700470
0021700177
0021701094
0021700029
0021700212
0021700821
0021700671
0021701148
0021700734
0021700788
0021700411
0021700845
0021700033
0021700665
0021700472
0021700383
0021700581
0021700117
0021700006
0021700469
0021700154
0021700274
0021700015
0021700964
0021700239
0021700569
0021700477
0021700983
0021700175
0021700366
0021700143
0021701108
0021700016
0021701118
0021700709
0021700186
0021700013
0021700053
0021701195
0021700254
0021700800
0021700198
0021701152
0021700898
0021700105
0021700348
0021700638
0021700484
0021701066
0021701182
0021701162
0021701218
0021701124
0021701165
0021700546
0021701050
0021700178
0021700635
0021700816
0021700777
0021700372
0021700165
0021700521
0021700127
0021700701
0021700997
0021700540
0021701142
0021700079
0021700530
0021700129
0021700018
0021700600
0021700879
0021700693
0021700146
0021700397
0021701016
0021700901
0021701227
0021700609
0021700142
0021700789
0021700119
0021701188
0021700516
0021701209
0021700415
0021700032
0021700056
0021701131
0021700371
0021700571
0021701083
0021701080
0021700607
0021700803
0021700509
0021700153
0021700404
0021700554
0021700791
0021701114
0021700157
0021700703
0021700541
0021701138
0021700927
0021700196
0021700114
0021700583
0021701065
0021701040
0021700778
0021700916
0021700085
0021700191
0021701186
0021701127
0021700289
0021700524
0021700755
0021701143
0021700896
0021700726
0021700562
0021700263
0021700652
0021700147
0021700284
0021700892
0021700405
0021700374
0021700276
0021700230
0021700438
0021700174
0021700362
0021700152
0021700380
0021700454
0021700434
0021700334
0021700796
0021700391
0021700876
0021701084
0021700784
0021700873
0021700905
0021700822
0021700429
0021700590
0021700245
0021700897
0021700708
0021700242
0021701011
0021800032
0021800426
0021800640
0021800304
0021800533
0021800993
0021800795
0021800189
0021800378
0021800240
0021800817
0021800779
0021800841
0021800487
0021800706
0021800957
0021801205
0021800503
0021800844
0021800427
0021800776
0021800356
0021800532
0021800599
0021800524
0021800434
0021800765
0021800816
0021800239
0021800623
0021800342
0021800790
0021800089
0021800433
0021800946
0021800158
0021800372
0021800549
0021800869
0021800860
0021800326
0021801129
0021800147
0021800271
0021801123
0021801122
0021800299
0021800691
0021800041
0021800250
0021800141
0021801145
0021800630
0021800510
0021801107
0021801206
0021801021
0021800612
0021800837
0021800616
0021801089
0021800175
0021800365
0021800195
0021800224
0021800704
0021800277
0021800033
0021800894
0021800965
0021800689
0021800359
0021800601
0021801190
0021800574
0021800808
0021800827
0021801136
0021801125
0021801109
0021800904
0021800232
0021801026
0021800578
0021800699
0021800256
0021800281
0021800296
0021800233
0021800055
0021800257
0021800974
0021801031
0021800259
0021800447
0021801149
0021800329
0021800160
0021801086
0021800265
0021800842
0021801077
0021801210
0021800605
0021800589
0021800397
0021800538
0021801179
0021800206
0021800010
0021800675
0021800429
0021800102
0021801181
0021800977
0021800494
0021801093
0021800607
0021800819
0021800772
0021801227
0021800037
0021800467
0021801168
0021800543
0021801118
0021801141
0021800581
0021800364
0021800590
0021800729
0021800838
0021800148
0021801024
0021800609
0021800366
0021800657
0021800181
0021800587
0021800758
0021800341
0021800793
0021801183
0021801090
0021800395
0021800289
0021800213
0021800576
0021800367
0021801044
0021800096
0021800734
0021800501
0021800794
0021800230
0021800360
0021801169
0021800137
0021800714
0021800425
0021800254
0021800066
0021801192
0021800789
0021801195
0021800809
0021800656
0021800682
0021800951
0021800288
0021800091
0021800780
0021800013
0021801073
0021800750
0021800179
0021800603
0021800161
0021800722
0021800942
0021800517
0021800024
0021800229
0021800440
0021800373
0021800545
0021800806
0021801030
0021800566
0021800662
0021800602
0021800751
0021800785
0021801185
0021800172
0021800202
0021800286
0021800226
0021800474
0021801167
0021800291
0021800246
0021800453
0021800177
0021800129
0021800241
0021801127
0021800622
0021801157
0021800382
0021801133
0021800079
0021800469
0021800592
0021800057
0021800417
0021800511
0021800111
0021800167
0021800634
0021801032
0021800209
0021800406
0021800416
0021800470
0021800516
0021800861
0021800011
0021800483
0021800773
0021800462
0021801027
0021800212
0021800496
0021801230
0021800450
0021800097
0021800596
0021800736
0021800116
0021801171
0021800709
0021800048
0021800455
0021800654
0021800284
0021800464
0021801156
0021800120
0021800345
0021800374
0021801094
0021800085
0021800660
0021800648
0021800319
0021800910
0021800832
0021800727
0021800871
0021800068
0021800178
0021800851
0021800030
0021800935
0021800921
0021800261
0021801170
0021800884
0021801070
0021800098
0021800192
0021800420
0021800131
0021801035
0021800479
0021800325
0021800293
0021800876
0021800231
0021800560
0021801115
0021800770
0021800333
0021800312
0021800821
0021800649
0021801033
0021801163
0021800039
0021800506
0021800766
0021800914
0021801047
0021801099
0021800874
0021800756
0021800074
0021800145
0021800203
0021801160
0021800081
0021800669
0021800009
0021801019
0021800415
0021800263
0021800879
0021800978
0021800142
0021800054
0021800960
0021800754
0021800027
0021800512
0021801158
0021800872
0021800272
0021800813
0021800136
0021801131
0021800124
0021801132
0021800583
0021801146
0021801216
0021800019
0021800618
0021800371
0021800115
0021800826
0021800171
0021800792
0021800017
0021800348
0021800245
0021800825
0021800950
0021801119
0021800428
0021800830
0021800683
0021800283
0021801209
0021800781
0021801221
0021800383
0021800769
0021800892
0021800703
0021800953
0021800598
0021800855
0021800730
0021800401
0021800218
0021800090
0021800588
0021800701
0021800788
0021801096
0021800114
0021800786
0021800198
0021800637
0021800059
0021800878
0021800396
0021800385
0021800480
0021800980
0021801061
0021800967
0021801196
0021800812
0021800702
0021800109
0021800051
0021800997
0021801214
0021800183
0021800665
0021800278
0021800361
0021800499
0021800767
0021800092
0021801159
0021800955
0021801155
0021800007
0021800442
0021801048
0021800608
0021800490
0021801177
0021801111
0021800593
0021801062
0021800747
0021800891
0021800526
0021800196
0021801043
0021800831
0021800188
0021800759
0021800035
0021800775
0021800488
0021800864
0021800650
0021800058
0021800238
0021801037
0021800346
0021800889
0021800619
0021801036
0021800782
0021800717
0021800672
0021800762
0021800012
0021800424
0021800700
0021800423
0021801071
0021801053
0021800911
0021800491
0021800684
0021800580
0021800708
0021800044
0021800600
0021800931
0021800330
0021800128
0021800327
0021801101
0021800403
0021800008
0021800107
0021800313
0021800847
0021800484
0021800362
0021800888
0021800204
0021800290
0021800014
0021800138
0021800020
0021800843
0021800052
0021800343
0021800108
0021800300
0021800021
0021801137
0021800454
0021800285
0021800943
0021800369
0021800463
0021801105
0021800956
0021800534
0021800541
0021800643
0021800126
0021800536
0021800228
0021801108
0021801097
0021800446
0021800174
0021800989
0021800896
0021801194
0021800742
0021800258
0021800540
0021800886
0021800028
0021800159
0021800411
0021800082
0021800670
0021801074
0021801154
0021800004
0021800948
0021801063
0021800260
0021800986
0021800752
0021800584
0021800975
0021800393
0021800550
0021801006
0021800614
0021800715
0021800761
0021801052
0021800798
0021800418
0021800247
0021800628
0021800733
0021800311
0021800523
0021801143
0021800604
0021800557
0021800852
0021800252
0021800663
0021800853
0021800404
0021800244
0021800438
0021800422
0021800071
0021800504
0021801186
0021800726
0021800530
0021800764
0021800991
0021801078
0021800410
0021800508
0021800407
0021800248
0021800043
0021800153
0021800547
0021801219
0021800594
0021800088
0021800629
0021800187
0021800280
0021801016
0021800856
0021800908
0021800554
0021800961
0021801200
0021801045
0021800591
0021800225
0021801165
0021800551
0021801112
0021800413
0021800350
0021800274
0021800918
0021800521
0021800926
0021800737
0021800444
0021801201
0021800987
0021800999
0021800799
0021800875
0021800507
0021800748
0021801012
0021800741
0021800907
0021800016
0021800731
0021801059
0021800720
0021800962
0021800728
0021800760
0021800635
0021800666
0021800743
0021800190
0021800309
0021801207
0021800968
0021800652
0021800690
0021800724
0021801065
0021801060
0021801126
0021801164
0021800207
0021800053
0021800150
0021801124
0021801198
0021800067
0021800046
0021800194
0021801138
0021800166
0021800787
0021800544
0021800222
0021800282
0021800472
0021800352
0021800498
0021800451
0021801114
0021801142
0021800047
0021800317
0021800784
0021800668
0021800606
0021800025
0021800135
0021800559
0021800412
0021800791
0021800103
0021801153
0021801144
0021800435
0021800034
0021801224
0021800376
0021800117
0021800324
0021800184
0021800358
0021800095
0021801152
0021800073
0021801193
0021800199
0021800959
0021800906
0021800933
0021800928
0021801004
0021800473
0021800143
0021800086
0021800846
0021800441
0021800515
0021801092
0021800457
0021800882
0021800200
0021800868
0021800518
0021800898
0021800217
0021801017
0021801175
0021801110
0021800678
0021800966
0021800320
0021800386
0021800859
0021800996
0021801162
0021801023
0021801166
0021800828
0021801199
0021801014
0021801007
0021800471
0021800489
0021800087
0021800323
0021800901
0021800156
0021800391
0021800757
0021800740
0021800064
0021801018
0021800641
0021800610
0021800495
0021800862
0021800398
0021800056
0021800833
0021800191
0021801069
0021800558
0021801197
0021800344
0021800305
0021800430
0021800381
0021800405
0021800697
0021800437
0021800542
0021800807
0021800887
0021800031
0021800335
0021800723
0021801064
0021800866
0021800452
0021801173
0021801187
0021800934
0021800848
0021800297
0021800636
0021800478
0021801116
0021800970
0021800840
0021800627
0021800036
0021800667
0021800688
0021800631
0021800927
0021801013
0021800644
0021800945
0021800937
0021800673
0021801203
0021800692
0021800890
0021800913
0021800002
0021800829
0021800486
0021800390
0021800377
0021800774
0021800679
0021801025
0021800625
0021800553
0021800528
0021801003
0021800867
0021800215
0021800877
0021800307
0021800262
0021801161
0021801028
0021800379
0021800568
0021800155
0021800958
0021800922
0021800919
0021801222
0021800685
0021800339
0021800595
0021800460
0021800169
0021801075
0021801135
0021800941
0021800334
0021800582
0021800870
0021800746
0021800990
0021801038
0021800522
0021800461
0021800069
0021800337
0021800642
0021800778
0021801041
0021800815
0021801148
0021800972
0021800477
0021800380
0021801072
0021800916
0021801191
0021800368
0021801208
0021801120
0021801085
0021800633
0021801029
0021801140
0021800695
0021800811
0021800505
0021800094
0021800127
0021800671
0021800929
0021800597
0021800078
0021800180
0021800157
0021800061
0021800520
0021800062
0021800976
0021800392
0021800881
0021800632
0021800661
0021800018
0021800531
0021800363
0021800569
0021800168
0021800298
0021800514
0021800796
0021801081
0021800676
0021800555
0021800466
0021800944
0021800449
0021800375
0021801106
0021800822
0021800738
0021800211
0021801040
0021801229
0021800674
0021800771
0021800402
0021800954
0021801000
0021800694
0021800279
0021800176
0021801083
0021801098
0021800197
0021800621
0021800857
0021801049
0021800716
0021800563
0021800539
0021800527
0021800626
0021800845
0021800839
0021800015
0021800971
0021800502
0021800294
0021800042
0021800995
0021800981
0021800552
0021800932
0021800275
0021800509
0021801080
0021801067
0021800075
0021800139
0021800205
0021800445
0021801020
0021801172
0021800221
0021800216
0021800001
0021801042
0021800686
0021800165
0021800800
0021800983
0021800336
0021800732
0021800331
0021800744
0021800814
0021800264
0021800468
0021800711
0021800963
0021800897
0021800573
0021800118
0021800399
0021800151
0021800243
0021800029
0021800255
0021800810
0021800899
0021800562
0021800585
0021800696
0021800316
0021801087
0021800905
0021801066
0021800615
0021800026
0021800357
0021800292
0021800836
0021801082
0021800439
0021800900
0021800121
0021800125
0021801228
0021801184
0021801091
0021801011
0021800485
0021800849
0021800561
0021800065
0021800753
0021801218
0021800493
0021800328
0021800370
0021800266
0021800234
0021800301
0021800655
0021800497
0021800475
0021800718
0021800149
0021801178
0021800182
0021800431
0021801134
0021800276
0021800456
0021800223
0021800638
0021800939
0021801034
0021800645
0021801139
0021800210
0021800308
0021800101
0021801058
0021800930
0021801002
0021801225
0021800617
0021801147
0021800805
0021801150
0021800586
0021800287
0021800880
0021800022
0021800969
0021801100
0021801088
0021800577
0021800835
0021801046
0021800353
0021801113
0021800949
0021800804
0021801084
0021800895
0021800903
0021800952
0021800186
0021801102
0021800940
0021800803
0021800132
0021800763
0021800140
0021800902
0021800267
0021800273
0021800985
0021800858
0021801054
0021800005
0021800749
0021800322
0021800163
0021800579
0021800659
0021800571
0021800620
0021800917
0021800739
0021800448
0021801005
0021800687
0021800677
0021800947
0021800613
0021801076
0021800912
0021800310
0021801055
0021800865
0021801008
0021800173
0021800519
0021801217
0021800755
0021800268
0021800208
0021801068
0021800355
0021800253
0021801015
0021800885
0021800105
0021801010
0021800936
0021800050
0021800938
0021800220
0021800099
0021800152
0021800164
0021800134
0021800546
0021801188
0021800646
0021800321
0021801022
0021800920
0021800314
0021800193
0021800994
0021800076
0021800388
0021800458
0021800080
0021801104
0021800725
0021801226
0021801095
0021801117
0021800680
0021800476
0021800236
0021800982
0021800389
0021800820
0021800992
0021800777
0021800834
0021800459
0021800123
0021800436
0021800394
0021800624
0021800214
0021800077
0021800133
0021800038
0021800201
0021801204
0021801128
0021800154
0021800653
0021800693
0021801056
0021800998
0021801039
0021800707
0021800170
0021801202
0021801223
0021800144
0021800400
0021800146
0021800973
0021800548
0021800500
0021800611
0021800481
0021800713
0021801103
0021800003
0021800924
0021800303
0021800797
0021800251
0021800681
0021800432
0021800351
0021801189
0021800060
0021801151
0021800915
0021800745
0021800237
0021801079
0021800122
0021801180
0021800854
0021800824
0021801212
0021800113
0021801176
0021800925
0021801051
0021800639
0021800525
0021800873
0021801121
0021800040
0021800801
0021800045
0021800315
0021801220
0021800567
0021800735
0021800964
0021801211
0021800242
0021800408
0021800863
0021800185
0021800421
0021800537
0021800270
0021800556
0021800063
0021800318
0021800698
0021800710
0021800112
0021800883
0021800227
0021800893
0021800130
0021800269
0021800338
0021800712
0021800513
0021800823
0021800850
0021801050
0021800719
0021800529
0021800564
0021800219
0021801213
0021800235
0021800249
0021800465
0021800384
0021800340
0021800349
0021801130
0021800651
0021800072
0021800988
0021800570
0021800414
0021800006
0021800721
0021800302
0021800106
0021800347
0021800492
0021800984
0021800049
0021800443
0021800419
0021800572
0021800565
0021800104
0021800979
0021800909
0021801182
0021800354
0021800084
0021800482
0021800535
0021800387
0021800110
0021800818
0021801001
0021800332
0021800647
0021800923
0021800100
0021800119
0021800295
0021801174
0021800083
0021800070
0021800306
0021800664
0021800093
0021800575
0021800023
0021800409
0021800658
0021800768
0021800783
0021801215
0021800162
0021801057
0021801009
0021800802
0021800705
0021900624
0021900673
0021900418
0021900696
0021900737
0021900638
0021900890
0021900732
0021900659
0021900037
0021900959
0021900614
0021900513
0021900017
0021900100
0021900671
0021901255
0021900747
0021900852
0021900416
0021900399
0021900325
0021900176
0021900106
0021900863
0021900646
0021900518
0021901262
0021900202
0021900703
0021901301
0021900612
0021900039
0021900496
0021900053
0021900216
0021900324
0021900913
0021900815
0021901233
0021900639
0021900389
0021900836
0021900093
0021900598
0021900693
0021900108
0021900727
0021900186
0021900166
0021900329
0021900485
0021900136
0021901317
0021900725
0021900221
0021900199
0021900731
0021900495
0021900220
0021900089
0021900064
0021900503
0021900030
0021900276
0021900204
0021900602
0021900342
0021900081
0021900280
0021900175
0021900643
0021900681
0021900534
0021900575
0021900245
0021901235
0021900499
0021900893
0021900916
0021900370
0021900559
0021900253
0021900139
0021901305
0021900273
0021900029
0021900479
0021900447
0021900308
0021900034
0021900319
0021900472
0021900069
0021900255
0021900248
0021900200
0021900759
0021900363
0021900033
0021900242
0021900564
0021900652
0021900051
0021900917
0021900765
0021900498
0021900616
0021900275
0021900189
0021900027
0021900119
0021900466
0021900239
0021900958
0021900330
0021900694
0021900103
0021900042
0021900165
0021900002
0021900355
0021900322
0021900795
0021900152
0021900970
0021900921
0021900480
0021900040
0021900084
0021900381
0021900942
0021900866
0021900270
0021900396
0021900785
0021901263
0021900232
0021900548
0021900443
0021900470
0021900250
0021900849
0021900173
0021901261
0021901247
0021901279
0021900341
0021900291
0021900361
0021900546
0021900172
0021900562
0021900607
0021900947
0021900753
0021901288
0021900483
0021900522
0021900541
0021900465
0021900056
0021900408
0021900897
0021900675
0021900796
0021900859
0021900705
0021900073
0021900258
0021900348
0021900635
0021900265
0021900277
0021900306
0021900807
0021900868
0021900455
0021900837
0021900943
0021901248
0021900827
0021900456
0021900712
0021900328
0021900547
0021900404
0021900035
0021900726
0021900141
0021900806
0021900246
0021900865
0021900545
0021900608
0021900419
0021900536
0021900533
0021900007
0021900934
0021900858
0021900430
0021900072
0021900493
0021900243
0021900374
0021900249
0021900188
0021900354
0021900814
0021900523
0021900256
0021900949
0021900595
0021900263
0021900285
0021900143
0021900899
0021900241
0021900159
0021900337
0021900800
0021900901
0021900444
0021900952
0021900346
0021900632
0021900125
0021900340
0021900894
0021900591
0021900677
0021900384
0021900300
0021900590
0021900178
0021900054
0021901241
0021901269
0021900295
0021900679
0021900312
0021901254
0021900131
0021900435
0021900651
0021900621
0021900724
0021900844
0021900832
0021900411
0021900940
0021900857
0021901291
0021901257
0021900757
0021900528
0021900117
0021900022
0021900504
0021900691
0021900460
0021900682
0021900146
0021900669
0021900611
0021900360
0021900004
0021900094
0021900697
0021900379
0021901292
0021901304
0021900825
0021900016
0021900432
0021900283
0021900365
0021900674
0021900137
0021900551
0021901242
0021900891
0021900445
0021900553
0021900969
0021900458
0021900359
0021900149
0021900822
0021900284
0021901293
0021900603
0021900426
0021900532
0021900574
0021900777
0021900210
0021900003
0021900769
0021900622
0021900052
0021900539
0021900047
0021901258
0021900403
0021900512
0021900576
0021900126
0021900413
0021900231
0021900071
0021900944
0021900720
0021900294
0021900161
0021900700
0021900474
0021900609
0021900826
0021900235
0021900122
0021900843
0021900425
0021900630
0021900835
0021901283
0021900350
0021900127
0021900892
0021900530
0021900120
0021901273
0021901245
0021900343
0021900066
0021901243
0021900939
0021900927
0021900006
0021900439
0021900191
0021900292
0021900187
0021900626
0021900025
0021900344
0021900118
0021900878
0021900748
0021900441
0021901260
0021901296
0021901278
0021900502
0021900701
0021900661
0021900415
0021900803
0021901236
0021900886
0021900076
0021901231
0021900788
0021900318
0021900326
0021901310
0021900938
0021900735
0021901314
0021900629
0021900936
0021900164
0021900544
0021900833
0021900174
0021900236
0021901251
0021900438
0021900565
0021900468
0021900180
0021900371
0021900331
0021900686
0021901250
0021900390
0021900842
0021900896
0021900593
0021900130
0021900719
0021900429
0021900304
0021901294
0021900087
0021900170
0021900680
0021900653
0021900050
0021900433
0021900623
0021900887
0021900111
0021900640
0021901253
0021900514
0021900850
0021900109
0021900552
0021900088
0021900620
0021900090
0021900269
0021900808
0021900862
0021900227
0021900851
0021900717
0021900005
0021900151
0021901266
0021901234
0021900489
0021900501
0021900484
0021900061
0021900577
0021901289
0021900695
0021900488
0021900079
0021901312
0021900104
0021900240
0021900750
0021900580
0021900714
0021900401
0021900715
0021900013
0021900637
0021900804
0021901300
0021900702
0021900157
0021900716
0021901259
0021900196
0021900259
0021900751
0021900225
0021900473
0021900234
0021900823
0021900110
0021900055
0021900398
0021900287
0021900649
0021900074
0021900464
0021900641
0021900683
0021900147
0021900828
0021900819
0021900619
0021900302
0021900906
0021900856
0021900332
0021900736
0021901270
0021900185
0021900821
0021900881
0021900767
0021900212
0021900840
0021900699
0021901240
0021900613
0021900423
0021900205
0021900572
0021900169
0021900145
0021900733
0021900211
0021900281
0021900008
0021900900
0021900023
0021900933
0021901237
0021900537
0021901239
0021900692
0021900457
0021900967
0021900351
0021900407
0021900092
0021900364
0021900761
0021900931
0021900908
0021900601
0021901271
0021900262
0021900268
0021900012
0021900615
0021900584
0021900316
0021900217
0021900154
0021900490
0021901264
0021900014
0021900845
0021900758
0021900689
0021900738
0021900372
0021900774
0021900021
0021900581
0021900192
0021900230
0021900177
0021900414
0021900573
0021900672
0021900060
0021901272
0021900895
0021900183
0021900884
0021900563
0021900296
0021900274
0021900589
0021900583
0021900297
0021900454
0021900746
0021900129
0021900968
0021901267
0021900961
0021900778
0021900569
0021900203
0021900475
0021900310
0021900121
0021900782
0021900875
0021900957
0021900339
0021900099
0021900667
0021900710
0021900586
0021900317
0021900469
0021900077
0021900320
0021900481
0021900877
0021900870
0021900763
0021900463
0021900406
0021900124
0021900362
0021900754
0021900049
0021900009
0021900713
0021900818
0021900861
0021900478
0021900148
0021900885
0021900734
0021900773
0021900397
0021900181
0021900453
0021900515
0021900860
0021900909
0021900902
0021900923
0021900333
0021900352
0021900491
0021901290
0021900925
0021900663
0021900798
0021901316
0021900194
0021900775
0021900550
0021900150
0021900334
0021900442
0021900477
0021900373
0021900375
0021900797
0021900587
0021900011
0021900254
0021900780
0021900880
0021900197
0021900387
0021900357
0021900394
0021900500
0021900102
0021900282
0021900476
0021900128
0021900045
0021900311
0021900912
0021900549
0021901308
0021900752
0021900605
0021900356
0021900301
0021901303
0021900889
0021900107
0021900059
0021900873
0021900085
0021900743
0021901306
0021900739
0021900020
0021900315
0021900467
0021900509
0021900440
0021900628
0021900223
0021900529
0021901268
0021900627
0021900721
0021900704
0021900676
0021900209
0021900617
0021900026
0021900482
0021900494
0021900809
0021900946
0021900431
0021900446
0021900883
0021900790
0021900772
0021900380
0021900960
0021900668
0021900358
0021900964
0021900770
0021900459
0021900853
0021900395
0021900650
0021900400
0021900336
0021900872
0021900848
0021900208
0021900543
0021900768
0021900244
0021900538
0021900260
0021900568
0021900179
0021900449
0021900434
0021900271
0021900542
0021900879
0021900251
0021900618
0021900579
0021900378
0021900847
0021900742
0021900556
0021900082
0021900412
0021900793
0021900086
0021900070
0021900116
0021900670
0021900286
0021900096
0021900067
0021900068
0021900133
0021900561
0021900279
0021900657
0021900792
0021900642
0021900930
0021900723
0021901318
0021900309
0021900353
0021900910
0021901295
0021900075
0021900905
0021900024
0021900874
0021900729
0021900450
0021900898
0021900685
0021900817
0021900144
0021900950
0021900749
0021900709
0021900596
0021900288
0021900839
0021900516
0021900510
0021900655
0021900272
0021900631
0021900928
0021900907
0021900911
0021900213
0021900080
0021900531
0021900838
0021900876
0021900932
0021900237
0021900784
0021900521
0021900888
0021900097
0021900112
0021900855
0021900525
0021900571
0021900376
0021900001
0021900829
0021900392
0021900142
0021900113
0021900540
0021901311
0021900802
0021901244
0021900095
0021900048
0021900261
0021900600
0021900228
0021900744
0021900132
0021901274
0021900018
0021900956
0021900662
0021900252
0021900368
0021900367
0021900684
0021900924
0021900349
0021900201
0021900728
0021900867
0021900941
0021900448
0021900057
0021900015
0021900492
0021900971
0021900585
0021900951
0021901315
0021900690
0021900794
0021900224
0021900010
0021900762
0021900508
0021900864
0021900313
0021900215
0021900812
0021900184
0021900156
0021900305
0021900948
0021901282
0021900267
0021900019
0021901297
0021900656
0021900945
0021900044
0021900171
0021900158
0021900903
0021901280
0021901275
0021900869
0021900420
0021900162
0021900570
0021900347
0021900722
0021900382
0021900486
0021900229
0021900764
0021900140
0021900820
0021900962
0021900507
0021900299
0021900226
0021900036
0021900665
0021900929
0021900935
0021900954
0021900604
0021900560
0021900973
0021901307
0021901256
0021900314
0021900377
0021900338
0021900648
0021900527
0021900032
0021900321
0021900219
0021900926
0021900922
0021900114
0021900799
0021900706
0021901284
0021900264
0021900182
0021900915
0021900063
0021900424
0021900115
0021900740
0021900588
0021901252
0021900046
0021900238
0021900428
0021900405
0021900535
0021900385
0021900206
0021900834
0021900920
0021900578
0021900198
0021900708
0021901286
0021900594
0021900135
0021900409
0021901313
0021900914
0021901265
0021900402
0021900919
0021900918
0021900654
0021900664
0021900711
0021900062
0021900422
0021900781
0021900687
0021900582
0021900625
0021900497
0021900882
0021900599
0021900904
0021900153
0021900233
0021900813
0021900789
0021900345
0021900597
0021900388
0021900038
0021900123
0021901277
0021900163
0021900658
0021900557
0021900592
0021900636
0021900427
0021900566
0021900647
0021900335
0021900558
0021900554
0021900452
0021900801
0021900937
0021900190
0021900207
0021900831
0021900058
0021900307
0021900965
0021900278
0021900760
0021900741
0021901249
0021900041
0021900816
0021900783
0021900462
0021901298
0021900805
0021900437
0021900487
0021900327
0021900218
0021900766
0021900791
0021901302
0021900366
0021900953
0021900266
0021900386
0021900786
0021900247
0021900369
0021900730
0021900065
0021900688
0021901285
0021900511
0021900666
0021900955
0021900138
0021900105
0021900098
0021900031
0021900195
0021900645
0021900091
0021900633
0021901246
0021900417
0021900520
0021900871
0021900471
0021900824
0021900222
0021900644
0021900391
0021900436
0021901287
0021900830
0021900718
0021900567
0021900634
0021900083
0021900771
0021900678
0021900167
0021900517
0021900524
0021900660
0021900101
0021900155
0021900963
0021901309
0021900779
0021900293
0021900745
0021900756
0021900193
0021900506
0021900854
0021900505
0021900966
0021900383
0021901299
0021900776
0021901276
0021900160
0021900421
0021900555
0021900846
0021900323
0021900451
0021901281
0021900290
0021900214
0021900519
0021900078
0021900810
0021900841
0021900303
0021900755
0021900606
0021900811
0021900028
0021900289
0021900393
0021900410
0021900461
0021900043
0021900610
0021900787
0021900298
0021900134
0021901238
0021901232
0021900698
0021900257
0021900526
0021900168
0022000260
0022000185
0022000732
0022000315
0022000907
0022000458
0022000001
0022000874
0022000560
0022001005
0022000594
0022000049
0022000886
0022000641
0022000004
0022000065
0022000365
0022001049
0022000696
0022000158
0022000139
0022000402
0022000815
0022000149
0022000615
0022000343
0022000456
0022000449
0022000165
0022000726
0022000482
0022000756
0022000347
0022000931
0022001029
0022000148
0022000111
0022000657
0022000849
0022000035
0022000989
0022000478
0022000993
0022000304
0022000888
0022000299
0022000728
0022000799
0022000784
0022000422
0022000321
0022000823
0022000832
0022000322
0022000984
0022000119
0022000625
0022000955
0022000153
0022000653
0022000573
0022000495
0022000566
0022000072
0022000602
0022000063
0022000650
0022000177
0022000198
0022000172
0022000766
0022000131
0022000182
0022000698
0022000600
0022000087
0022000801
0022000666
0022000381
0022000268
0022000348
0022000108
0022000772
0022000524
0022000200
0022000935
0022000166
0022000759
0022000767
0022000334
0022000678
0022000595
0022000351
0022000036
0022000092
0022000681
0022000865
0022000876
0022000213
0022000871
0022000079
0022000090
0022000829
0022000774
0022000318
0022000251
0022001079
0022000786
0022000673
0022000581
0022001037
0022000882
0022000902
0022001070
0022000350
0022000541
0022001008
0022000740
0022000661
0022000132
0022000457
0022000230
0022000331
0022000254
0022000424
0022000538
0022000585
0022000440
0022000559
0022000434
0022000908
0022000604
0022000093
0022000320
0022000294
0022000942
0022000677
0022000880
0022000407
0022000160
0022001000
0022000077
0022000916
0022000905
0022000562
0022000307
0022000078
0022000368
0022000520
0022000667
0022000614
0022000207
0022000199
0022000417
0022000184
0022001073
0022000687
0022001076
0022000344
0022000725
0022000702
0022000812
0022000441
0022000167
0022000848
0022000555
0022000476
0022000808
0022000129
0022000396
0022000803
0022000785
0022000142
0022000276
0022000435
0022000846
0022001069
0022000412
0022000926
0022000395
0022000758
0022000686
0022000847
0022000398
0022000164
0022000487
0022000894
0022000778
0022000974
0022000475
0022001016
0022000411
0022000873
0022000021
0022000010
0022000040
0022000599
0022000082
0022000486
0022000009
0022000928
0022000479
0022000574
0022000838
0022000120
0022000107
0022000853
0022000601
0022000887
0022000860
0022001074
0022001047
0022000245
0022000839
0022000676
0022000190
0022000652
0022001065
0022000830
0022000951
0022000464
0022000186
0022000426
0022000209
0022000556
0022000008
0022000606
0022000376
0022000453
0022000933
0022000668
0022000271
0022000543
0022000981
0022000729
0022000746
0022000960
0022000719
0022001022
0022000468
0022000416
0022000378
0022000992
0022000961
0022000037
0022000869
0022001002
0022000391
0022000570
0022000273
0022000232
0022001078
0022000703
0022000856
0022000427
0022000733
0022000852
0022000922
0022000098
0022000392
0022000494
0022000940
0022000762
0022000539
0022000627
0022000439
0022000912
0022000870
0022001045
0022000531
0022000050
0022000770
0022000467
0022000947
0022000837
0022000203
0022000862
0022000512
0022000433
0022000633
0022000432
0022000102
0022000893
0022000903
0022000980
0022000239
0022000777
0022000914
0022000179
0022000806
0022000827
0022000884
0022000039
0022000154
0022000101
0022000655
0022000711
0022000765
0022001072
0022000771
0022000117
0022000420
0022000906
0022000371
0022000568
0022000171
0022000168
0022000204
0022000554
0022000583
0022000389
0022000528
0022000969
0022000542
0022000413
0022000401
0022000007
0022000014
0022000281
0022000895
0022000367
0022000868
0022000878
0022000557
0022000341
0022000679
0022000305
0022000609
0022000558
0022000201
0022000605
0022000485
0022000802
0022000794
0022000867
0022000716
0022000492
0022000682
0022000242
0022000990
0022000612
0022000189
0022000720
0022000670
0022000019
0022000324
0022000291
0022000161
0022000116
0022001066
0022000735
0022000665
0022000122
0022000218
0022000769
0022000048
0022000342
0022000180
0022001051
0022000891
0022000892
0022000580
0022000054
0022000754
0022000755
0022000041
0022001009
0022001015
0022000950
0022000578
0022000773
0022000621
0022000234
0022000477
0022000619
0022000603
0022000057
0022000387
0022000945
0022000229
0022000428
0022001068
0022000671
0022001010
0022000979
0022000274
0022000911
0022000968
0022000579
0022000336
0022001059
0022001030
0022000011
0022000693
0022000339
0022001040
0022000226
0022000038
0022000620
0022001075
0022000438
0022000569
0022000451
0022000826
0022000522
0022000898
0022000346
0022000261
0022000017
0022000982
0022000651
0022000024
0022001056
0022000640
0022000705
0022000736
0022000938
0022000685
0022000250
0022000648
0022000623
0022000216
0022000147
0022000966
0022000753
0022000810
0022000775
0022000170
0022000549
0022000748
0022000697
0022000489
0022000418
0022000062
0022000820
0022000397
0022000262
0022000889
0022000390
0022000345
0022000394
0022000016
0022000510
0022001033
0022000113
0022000901
0022000644
0022000358
0022000421
0022000790
0022000796
0022000173
0022000631
0022000967
0022000176
0022000386
0022000447
0022001063
0022000624
0022000314
0022000592
0022000143
0022000290
0022001003
0022000857
0022001019
0022000066
0022000498
0022000709
0022000061
0022000237
0022000988
0022000156
0022000140
0022000366
0022000991
0022000046
0022000800
0022000576
0022000589
0022000157
0022000235
0022000997
0022000956
0022000715
0022000316
0022000286
0022000629
0022000459
0022000866
0022001007
0022000115
0022000937
0022000690
0022000155
0022001061
0022000263
0022000085
0022000944
0022000851
0022000188
0022000743
0022000863
0022000660
0022000501
0022000780
0022000953
0022000713
0022000225
0022000700
0022000074
0022000030
0022000311
0022000745
0022000814
0022000270
0022001055
0022000409
0022000515
0022000939
0022000043
0022000465
0022000104
0022000638
0022001020
0022000279
0022000375
0022001018
0022000925
0022001017
0022000329
0022000384
0022000361
0022000243
0022000781
0022000266
0022000047
0022000643
0022000965
0022000454
0022000388
0022000126
0022000567
0022000217
0022000807
0022000597
0022000436
0022000714
0022000215
0022000789
0022000145
0022000211
0022000958
0022000805
0022000529
0022000946
0022000224
0022000607
0022000836
0022000018
0022000654
0022000083
0022000484
0022000547
0022000972
0022000027
0022000337
0022000053
0022000994
0022000064
0022000920
0022001064
0022000231
0022000408
0022000818
0022000363
0022000238
0022000695
0022000949
0022000530
0022000752
0022000480
0022000283
0022000917
0022000783
0022000253
0022000879
0022000844
0022000052
0022000927
0022000996
0022000340
0022000181
0022000285
0022000680
0022000811
0022000355
0022000507
0022000187
0022001026
0022000357
0022001021
0022000121
0022000128
0022000565
0022000257
0022000804
0022000195
0022000298
0022000825
0022000734
0022000663
0022000798
0022000712
0022000308
0022000335
0022000751
0022000258
0022000744
0022001011
0022000382
0022000518
0022000792
0022000073
0022000006
0022000896

